{
    "accuracy": 0.9054373522458629,
    "classification_report": "              precision    recall  f1-score   support\n\n           0       0.88      1.00      0.93        56\n           1       0.94      0.74      0.83        62\n           2       0.97      0.91      0.94        78\n           3       0.92      1.00      0.96        58\n           4       1.00      1.00      1.00        63\n           5       0.83      0.80      0.82        56\n           6       0.77      0.88      0.82        50\n\n    accuracy                           0.91       423\n   macro avg       0.90      0.91      0.90       423\nweighted avg       0.91      0.91      0.90       423\n",
    "auc": null,
    "roc_curve": null,
    "predictions": [
        0,
        4,
        0,
        0,
        6,
        0,
        3,
        5,
        2,
        0,
        2,
        4,
        3,
        3,
        4,
        2,
        4,
        3,
        3,
        6,
        2,
        5,
        4,
        2,
        1,
        6,
        6,
        4,
        4,
        0,
        4,
        6,
        5,
        1,
        0,
        4,
        2,
        1,
        1,
        1,
        0,
        3,
        1,
        1,
        5,
        0,
        3,
        1,
        2,
        3,
        1,
        1,
        1,
        5,
        0,
        6,
        3,
        3,
        5,
        3,
        1,
        4,
        6,
        0,
        3,
        2,
        1,
        4,
        0,
        0,
        6,
        2,
        0,
        0,
        6,
        3,
        3,
        5,
        4,
        3,
        1,
        2,
        3,
        3,
        2,
        2,
        1,
        5,
        1,
        6,
        5,
        3,
        0,
        6,
        2,
        0,
        5,
        2,
        1,
        3,
        3,
        2,
        4,
        2,
        6,
        2,
        1,
        4,
        4,
        3,
        2,
        1,
        2,
        1,
        0,
        2,
        2,
        3,
        6,
        5,
        4,
        3,
        2,
        5,
        1,
        3,
        2,
        2,
        4,
        3,
        4,
        3,
        1,
        2,
        6,
        4,
        0,
        4,
        1,
        2,
        6,
        5,
        0,
        0,
        0,
        3,
        2,
        4,
        0,
        2,
        0,
        0,
        0,
        3,
        2,
        6,
        6,
        6,
        0,
        0,
        1,
        1,
        2,
        0,
        3,
        0,
        3,
        5,
        5,
        6,
        5,
        6,
        3,
        4,
        2,
        6,
        2,
        6,
        2,
        5,
        0,
        3,
        0,
        5,
        3,
        2,
        5,
        4,
        3,
        3,
        0,
        4,
        0,
        1,
        4,
        1,
        3,
        2,
        4,
        0,
        3,
        3,
        4,
        4,
        1,
        4,
        5,
        5,
        2,
        4,
        5,
        2,
        0,
        2,
        3,
        0,
        5,
        3,
        3,
        3,
        4,
        6,
        3,
        5,
        3,
        6,
        0,
        4,
        1,
        5,
        5,
        4,
        1,
        5,
        1,
        2,
        2,
        2,
        2,
        0,
        6,
        6,
        5,
        2,
        6,
        2,
        1,
        2,
        2,
        0,
        5,
        2,
        0,
        6,
        1,
        6,
        2,
        3,
        2,
        2,
        4,
        4,
        5,
        2,
        2,
        4,
        4,
        1,
        1,
        4,
        3,
        4,
        6,
        2,
        3,
        2,
        3,
        4,
        3,
        0,
        0,
        5,
        6,
        4,
        4,
        5,
        2,
        6,
        0,
        3,
        2,
        5,
        0,
        2,
        0,
        5,
        3,
        3,
        6,
        6,
        1,
        5,
        0,
        0,
        5,
        6,
        6,
        5,
        6,
        4,
        5,
        3,
        0,
        4,
        6,
        6,
        2,
        4,
        6,
        5,
        0,
        1,
        4,
        0,
        1,
        4,
        2,
        2,
        4,
        0,
        1,
        1,
        3,
        4,
        3,
        5,
        2,
        0,
        0,
        0,
        2,
        4,
        6,
        2,
        4,
        3,
        5,
        2,
        5,
        6,
        6,
        4,
        6,
        1,
        0,
        6,
        6,
        6,
        5,
        6,
        6,
        3,
        2,
        2,
        3,
        4,
        2,
        6,
        5,
        4,
        0,
        2,
        1,
        3,
        2,
        5,
        0,
        1,
        2,
        2,
        6,
        6,
        1,
        0,
        4,
        5,
        4,
        4,
        1,
        6,
        3,
        5,
        4,
        6,
        3,
        5,
        0,
        4,
        5,
        4,
        1,
        0,
        1,
        5,
        2,
        1,
        0,
        4,
        1,
        4,
        6,
        6,
        5,
        5,
        4,
        0,
        5,
        2,
        5,
        3,
        0,
        3,
        6
    ],
    "probabilities": [
        [
            0.9228526820833455,
            0.0768159276183174,
            6.686481876776926e-10,
            7.702629627266151e-18,
            1.9937812273378873e-16,
            0.0003293875466503356,
            2.002083038518594e-06
        ],
        [
            4.615606517124753e-23,
            3.594071732877453e-15,
            0.0024614515890672415,
            0.005640330797600669,
            0.991898058673585,
            3.270363094479212e-10,
            1.5861270716103935e-07
        ],
        [
            0.8434388101089042,
            0.14964582754705175,
            4.326555238327272e-10,
            1.0697855245172591e-16,
            1.4739682071533139e-15,
            0.00691008416317763,
            5.277748209061665e-06
        ],
        [
            0.7093805366636903,
            0.2884614157975948,
            2.7676114477830705e-09,
            7.582981512712167e-16,
            4.5437077763270064e-14,
            0.0021529353940131783,
            5.109377044153439e-06
        ],
        [
            0.004449264207636754,
            0.3125294967383161,
            0.000673131933604414,
            1.1799967135814591e-07,
            1.900000187848909e-09,
            0.20358480442467006,
            0.47876318279610114
        ],
        [
            0.8717718064546881,
            0.1271960153613609,
            1.7494222058914164e-10,
            9.063490282152218e-17,
            1.5461020470075496e-17,
            0.0010243343165773026,
            7.843692431379977e-06
        ],
        [
            1.963078360731779e-16,
            1.0753453969824782e-09,
            0.055975207503462666,
            0.9416650466865005,
            0.0019096092225970684,
            5.620270985166842e-06,
            0.0004445152411090669
        ],
        [
            0.00021518828536848955,
            0.10922026596972709,
            0.017036828535246292,
            1.3732366133629884e-05,
            9.989141363112651e-06,
            0.683422190570912,
            0.19008180513124934
        ],
        [
            1.4488206790445411e-09,
            9.818169092917416e-05,
            0.9190201558230316,
            0.0007373187702813476,
            5.300914859292537e-05,
            0.009292390696645213,
            0.070798942421699
        ],
        [
            0.9348237198819994,
            0.06470554161069038,
            1.0918523523717585e-09,
            1.3334391140972955e-17,
            5.803625004388535e-16,
            0.0004639365860166956,
            6.800829440514147e-06
        ],
        [
            5.268758212505339e-10,
            4.040419606613355e-05,
            0.8811898009310457,
            0.011741949263946767,
            9.360371924853246e-05,
            0.01719097282269669,
            0.0897432685401205
        ],
        [
            3.185608803859467e-26,
            1.537089535962482e-17,
            0.0013829253881044755,
            0.006162097961855203,
            0.9924549677343254,
            7.52736673825916e-12,
            8.908187620599666e-09
        ],
        [
            5.341442589681656e-14,
            1.4397100786468486e-07,
            0.11183830412295888,
            0.8822644289830226,
            0.0005365240416327629,
            3.684771259116133e-05,
            0.005323751168733258
        ],
        [
            5.061998651555482e-19,
            2.2678766459380596e-11,
            0.09276116489304556,
            0.9057667959617562,
            0.0012426144222659754,
            3.499390143706479e-07,
            0.00022907476123907938
        ],
        [
            1.0286432116797901e-20,
            2.2841110675926494e-13,
            0.004793783568757689,
            0.020144408210000943,
            0.9750602995521576,
            7.059204175754182e-09,
            1.5016096511711734e-06
        ],
        [
            3.809544166659267e-06,
            0.0186435231685013,
            0.4712374067850239,
            2.4854079918284084e-05,
            0.0003658835799795341,
            0.03943812176793205,
            0.47028640107447833
        ],
        [
            6.588857362001404e-27,
            1.1877643753265347e-17,
            0.0007143929238055084,
            0.02007390322446614,
            0.9792116970352884,
            3.120911878319925e-12,
            6.813319062585022e-09
        ],
        [
            3.401136754668081e-16,
            7.1264928914616055e-09,
            0.0336523222856096,
            0.9651561576523496,
            5.891261430791633e-05,
            2.1371673273322637e-06,
            0.0011304631539123821
        ],
        [
            3.5693443303602175e-12,
            1.373068068069506e-06,
            0.38470137746108535,
            0.5384582343007918,
            0.04787548117805157,
            0.0006344846880363273,
            0.028329049300397452
        ],
        [
            5.298242628539134e-07,
            0.008406432845932319,
            0.2869139415585294,
            0.0006654335451564915,
            8.872692007512103e-08,
            0.12093438099570109,
            0.5830791925034978
        ],
        [
            5.3755237923718794e-11,
            6.0708435691877215e-06,
            0.7663283168163098,
            0.12084947527457272,
            0.00035245157302388696,
            0.004046477480520021,
            0.10841720795824909
        ],
        [
            0.001103456411173215,
            0.1298723408402046,
            0.00394640442839614,
            4.09092798173749e-07,
            7.13730501810342e-08,
            0.6383978361465574,
            0.22667948170782018
        ],
        [
            1.250437792769145e-19,
            1.3882361099826122e-12,
            0.010043606795147894,
            0.008621271883048186,
            0.9813302862385975,
            2.6269559575756142e-08,
            4.808812258356087e-06
        ],
        [
            1.587759139698055e-12,
            1.4121660005042446e-06,
            0.9203855949290716,
            0.043668393195987754,
            0.0004222730230121994,
            0.0005002256011460615,
            0.03502210108319394
        ],
        [
            0.4570566576769204,
            0.5222868633399688,
            1.2746532390689265e-07,
            1.0076840600739846e-13,
            5.35376578555442e-15,
            0.020548062927444377,
            0.0001082885902364237
        ],
        [
            2.8228035567501863e-06,
            0.008922914147761366,
            0.3850675840210294,
            3.7144583312256775e-05,
            0.0257535536115995,
            0.08074591170812599,
            0.4994700691246148
        ],
        [
            9.75067274038801e-06,
            0.04280225561694757,
            0.17502864651199512,
            0.00014529919070191614,
            3.5264795551792054e-07,
            0.1890893980435239,
            0.5929242973161356
        ],
        [
            9.16822163036048e-31,
            8.90347922346842e-21,
            0.00022822910740590685,
            0.02347626523483332,
            0.9762955054809839,
            2.5458010677890357e-14,
            1.7675174778430295e-10
        ],
        [
            6.450888989365008e-21,
            1.3376004852690188e-13,
            0.005742385070944599,
            0.005667064879801342,
            0.9885893376569016,
            4.896807827080408e-09,
            1.207495410982488e-06
        ],
        [
            0.8606932323060279,
            0.1373559073577712,
            3.2340094114648497e-09,
            1.1592514427627512e-15,
            3.609964906643312e-16,
            0.0019249553124924094,
            2.5901789697512906e-05
        ],
        [
            1.1021733772024122e-21,
            3.418477887219336e-14,
            0.0037368054189603913,
            0.00625973831424353,
            0.9900029637583334,
            1.9675489877808665e-09,
            4.905408794130628e-07
        ],
        [
            0.00035813265498325756,
            0.06957927137915679,
            0.00803810940423195,
            1.6365370409670147e-05,
            2.3096459935130336e-05,
            0.3066320133172948,
            0.6153530114139885
        ],
        [
            6.105581748767807e-06,
            0.006500788991879989,
            0.1819464549326216,
            3.2027711109319646e-05,
            0.00034101406364172703,
            0.5631558386557592,
            0.2480177700632394
        ],
        [
            0.41370426896533535,
            0.5585287638730289,
            1.6332036267877306e-06,
            6.079948809775612e-12,
            1.3382128117101423e-09,
            0.02360744555049785,
            0.004157887063218484
        ],
        [
            0.8728731537370679,
            0.12642675128571285,
            1.0087710663251303e-10,
            3.325209790995482e-18,
            1.7373113884592354e-14,
            0.0006994005872360996,
            6.942890887777192e-07
        ],
        [
            7.134171576561322e-21,
            2.541692519953118e-13,
            0.009262547391220444,
            0.004265899304928332,
            0.9864687248272338,
            6.01293452332532e-09,
            2.8224634287673665e-06
        ],
        [
            1.2154254135766418e-12,
            1.2779423329368914e-06,
            0.8990796556932366,
            0.061902194267796494,
            0.0003564141330035876,
            0.00043156608582977204,
            0.038228891876585125
        ],
        [
            0.12332451996301824,
            0.8695425296435955,
            1.35881665698875e-07,
            2.949921050323533e-12,
            3.075043451891011e-13,
            0.007015946188266709,
            0.00011686832019639305
        ],
        [
            0.11316961968217562,
            0.8302640229029052,
            3.512958851983252e-05,
            2.3110652509157465e-12,
            9.61267750658157e-08,
            0.05194534621775807,
            0.004585785479554928
        ],
        [
            0.030145390602381344,
            0.8929400423411776,
            9.291210673755078e-06,
            1.2459820343684562e-09,
            6.390058262172695e-11,
            0.0747969560569359,
            0.0021083184789486118
        ],
        [
            0.7101107682947818,
            0.27544188983834256,
            2.430064803819564e-07,
            1.3603487520473196e-13,
            3.583949051189185e-11,
            0.014237267483708897,
            0.00020983134071081156
        ],
        [
            1.6826527989120142e-16,
            1.6096367967148307e-09,
            0.11505288658981191,
            0.8842892055047298,
            0.0002522053918491519,
            8.019254597729633e-06,
            0.0003976816493743829
        ],
        [
            0.03073738339127773,
            0.6521140520144574,
            7.541659828796244e-05,
            1.6014197450819342e-07,
            5.7985087794429775e-12,
            0.2762248262320019,
            0.040848161616202146
        ],
        [
            0.06335782815771947,
            0.7155768081931507,
            1.3563105344556419e-05,
            4.943772590800876e-10,
            2.0752825102255476e-12,
            0.21516910935589126,
            0.005882690691441504
        ],
        [
            0.0006790672676047667,
            0.16712871956804087,
            0.004348315187057193,
            1.3671983355138666e-05,
            1.5414457688545357e-07,
            0.5915121170255466,
            0.2363179548238185
        ],
        [
            0.921379023145059,
            0.07837691235691709,
            1.4398261468722344e-10,
            1.89621248726651e-17,
            1.168899700085412e-15,
            0.00024298000465999194,
            1.0843493800697154e-06
        ],
        [
            3.8189150745585284e-15,
            1.4489704136545965e-08,
            0.07782974107633797,
            0.9163748905060362,
            0.0011589945416277685,
            7.872888237932774e-06,
            0.004628486498052424
        ],
        [
            0.014905325626107689,
            0.6212431954797434,
            0.0010458197111270335,
            1.4409741402679547e-09,
            7.721014735755778e-09,
            0.2889518661515279,
            0.07385378386950515
        ],
        [
            7.729164745871291e-10,
            0.00011948892683748491,
            0.9410924172947599,
            0.00017484664331125928,
            0.0016733632665847755,
            0.022885270377665835,
            0.03405461271792432
        ],
        [
            1.0367895475118773e-16,
            1.5210289184821e-09,
            0.12283398628434591,
            0.8691207813511754,
            0.007393587305173839,
            4.5090750862935064e-06,
            0.0006471344631895846
        ],
        [
            0.0015510357664478178,
            0.4778144413134622,
            0.0008741456330087101,
            1.9811364814605134e-07,
            3.04163981109865e-08,
            0.4720835793174882,
            0.04767656943954687
        ],
        [
            0.4913268654928418,
            0.49592199060529035,
            2.2628919016612375e-07,
            3.6232611781069746e-14,
            5.1303532683285e-14,
            0.012253338273153249,
            0.0004975793394367494
        ],
        [
            0.014475261987274848,
            0.939906897970321,
            3.42174278360087e-05,
            3.1523004131777676e-10,
            2.9019727958421214e-13,
            0.04151811763472682,
            0.004065504664321264
        ],
        [
            4.687461196276291e-05,
            0.05258339281450183,
            0.016829179729200002,
            9.22722925019127e-06,
            2.215720108494378e-08,
            0.8491745648744383,
            0.08135673858344585
        ],
        [
            0.8525877798984204,
            0.14556297092529108,
            1.3027660085504512e-09,
            4.612091762299482e-16,
            7.069334356804328e-16,
            0.0018368243109535862,
            1.2423562567904219e-05
        ],
        [
            1.1353792479596322e-05,
            0.018406990701511382,
            0.02596412317402364,
            1.7347700873290864e-05,
            1.391122214214085e-06,
            0.09477711632330822,
            0.8608216771855898
        ],
        [
            1.2863483903664824e-20,
            1.5941877400242208e-12,
            0.003764800266574448,
            0.9961996225203849,
            1.6253922378455063e-05,
            2.2232389745495827e-08,
            1.930105667829822e-05
        ],
        [
            1.159646337352028e-15,
            7.518321160236751e-09,
            0.19884013929787853,
            0.7894605788488481,
            0.009378575993591001,
            1.574343712465026e-05,
            0.0023049549042350663
        ],
        [
            5.049704205564965e-05,
            0.17638807242836174,
            0.003545503869891485,
            0.00021906812961396114,
            6.310668947400703e-08,
            0.670470858965034,
            0.1493259364583537
        ],
        [
            1.9028134628031957e-18,
            6.721591899756886e-11,
            0.11525955347627717,
            0.8805181481975627,
            0.003938088116841657,
            2.4555035755582863e-07,
            0.0002839645917449392
        ],
        [
            0.12102789087188086,
            0.8628277939504055,
            5.166231594297113e-07,
            1.2531250407467035e-10,
            1.538192481895525e-11,
            0.01582405075430167,
            0.0003197476595580057
        ],
        [
            1.1734883597308579e-24,
            2.658008424454654e-16,
            0.0014489574364653685,
            0.005428811419908025,
            0.9931221915796511,
            4.236535438792451e-11,
            3.952160973421148e-08
        ],
        [
            5.50210942879398e-06,
            0.02103052243288787,
            0.026160556320420178,
            0.006586037653234445,
            4.681188546832304e-06,
            0.2537547360755841,
            0.6924579642198978
        ],
        [
            0.9638343491176038,
            0.03543048357905542,
            2.1251994651097546e-10,
            8.617640485130997e-17,
            1.0461954913305395e-17,
            0.0007321731013482091,
            2.993989472582256e-06
        ],
        [
            1.0435462029707849e-16,
            1.4452342145982072e-09,
            0.2613907014829924,
            0.7316507849263153,
            0.005811079617175898,
            5.843722278481442e-06,
            0.0011415888060034947
        ],
        [
            4.276804347534742e-12,
            4.829245421782593e-06,
            0.9454863269335299,
            0.01378623543606664,
            0.003005446148001388,
            0.0007113033382687345,
            0.03700585889443484
        ],
        [
            0.023896416899045706,
            0.7923778088186377,
            0.0001081342878679954,
            6.973595949934634e-08,
            2.3714684304019578e-07,
            0.15693619612104764,
            0.02668113699059825
        ],
        [
            1.0700744193179813e-36,
            3.506832705961424e-25,
            7.958889208943727e-06,
            0.022188726553927552,
            0.9778033145560697,
            9.489378283499692e-18,
            7.93840774779046e-13
        ],
        [
            0.8586677522110341,
            0.1381011424956582,
            5.111832012499907e-10,
            4.988217959082281e-17,
            4.202970861962217e-17,
            0.0032301760564500213,
            9.287256745279007e-07
        ],
        [
            0.4770783603265735,
            0.46104703722596485,
            1.9783804406222622e-07,
            2.870381895068757e-14,
            4.256934413639456e-13,
            0.061820067129612445,
            5.433747935072399e-05
        ],
        [
            1.1775183349662982e-05,
            0.021066890542893794,
            0.09143695871264895,
            0.0005473401960401943,
            1.3010488704168581e-05,
            0.3108204128183529,
            0.5761036120580103
        ],
        [
            6.485027213563907e-08,
            0.0007397219927373025,
            0.5350209470956044,
            0.003138410338659441,
            1.1880513443864514e-06,
            0.08083044540255384,
            0.3802692222688285
        ],
        [
            0.9280070480261554,
            0.07194359306255724,
            2.248626063600027e-11,
            1.2821250329417552e-18,
            3.154426214500548e-16,
            4.8878806079901756e-05,
            4.800827210167984e-07
        ],
        [
            0.7944022152835896,
            0.2027062700111729,
            3.50839539285656e-08,
            7.919461309589234e-15,
            6.065990665014296e-12,
            0.0028156415824403852,
            7.583803276939455e-05
        ],
        [
            0.00022822111071983895,
            0.08701356533403524,
            0.020827547055172767,
            4.1421050661252246e-06,
            8.879656439021678e-06,
            0.31736087773820354,
            0.5745567670003635
        ],
        [
            5.910465769796013e-17,
            4.173724146131937e-10,
            0.11157385595420528,
            0.8737343898810938,
            0.013927522890482665,
            2.224863654164737e-06,
            0.000762005993191728
        ],
        [
            9.678224112549836e-16,
            3.818525260037611e-09,
            0.06052991823111675,
            0.9372507986670527,
            0.0010477938671218504,
            1.2466721156700803e-05,
            0.0011590186950257294
        ],
        [
            0.0032719068460163253,
            0.36037860295954194,
            0.015516002861278558,
            3.617157341760074e-08,
            6.053173645650368e-06,
            0.5308257029803954,
            0.09000169500754861
        ],
        [
            4.936548039137848e-23,
            3.90702663324065e-15,
            0.0023434837867288825,
            0.006966798302193803,
            0.9906895641060791,
            3.534314396304178e-10,
            1.5345156280175175e-07
        ],
        [
            3.057029048552444e-14,
            2.9634106195090938e-08,
            0.15892635745044797,
            0.8268617329917504,
            0.011348183012506058,
            8.278624679506968e-05,
            0.0027809106643638805
        ],
        [
            0.0039259409610710614,
            0.7452121989816133,
            0.004370065609041612,
            2.731974804373056e-09,
            9.011074458590223e-09,
            0.16615878533799114,
            0.08033299736723364
        ],
        [
            4.023481412557791e-11,
            1.5868025634931648e-05,
            0.8813131562457276,
            0.024796186084586766,
            6.243517888154908e-05,
            0.001506448711947589,
            0.09230590571298697
        ],
        [
            3.4289833576127293e-18,
            1.549377699037737e-10,
            0.01094670419568039,
            0.9888823851270986,
            2.764424050679085e-05,
            2.0555374752451424e-07,
            0.0001430607280289294
        ],
        [
            7.357065148114953e-16,
            3.220964625082367e-09,
            0.04666097965047661,
            0.9519243154506014,
            0.00017302653775615358,
            3.4710250842138994e-06,
            0.0012382041151159698
        ],
        [
            7.588243455125782e-13,
            1.021871343685868e-06,
            0.889979746763941,
            0.08331460893824108,
            0.0019109463689391346,
            0.0008727280040539957,
            0.023920948052722348
        ],
        [
            1.4698435972558718e-09,
            0.00015763364721690893,
            0.7657514831637015,
            0.006835601584031777,
            2.352915653426706e-05,
            0.007652116856812448,
            0.21957963412185957
        ],
        [
            0.014380776529862886,
            0.5775719646597925,
            0.0007362661947347202,
            8.036429305396584e-09,
            6.836548364428758e-10,
            0.3684000258203311,
            0.038910958075194554
        ],
        [
            0.00014599115664015505,
            0.029102810717305,
            0.08564051214861765,
            7.132533259499594e-06,
            0.0013425256367647792,
            0.690462658349266,
            0.19329836945814696
        ],
        [
            0.07465599720037154,
            0.8702465794420958,
            1.0274749753166915e-05,
            2.760888256279532e-10,
            5.628272705137537e-10,
            0.03673133063576546,
            0.018355817133097623
        ],
        [
            7.589189910462115e-06,
            0.011308114655125545,
            0.04498846193076349,
            2.359062186432297e-05,
            1.9962171110734888e-07,
            0.29210900437190834,
            0.6515630396087168
        ],
        [
            0.000320679166036725,
            0.2773963951432804,
            0.00778190047756008,
            5.549762687802082e-05,
            5.275193262180023e-09,
            0.3883216904386368,
            0.32612383187241467
        ],
        [
            9.828497369824598e-16,
            1.3333710382157705e-08,
            0.044352381542916625,
            0.953871675343198,
            7.185994193097304e-05,
            3.7193519337855645e-06,
            0.0017003504863092318
        ],
        [
            0.7421028069724258,
            0.2536882518272593,
            1.0778171473284546e-09,
            7.808715621197668e-16,
            1.1239380475753349e-16,
            0.004198887989274944,
            1.0052133221720835e-05
        ],
        [
            0.00014150645773452366,
            0.2257812294004843,
            0.15566903721268946,
            3.2233815009605215e-06,
            4.254239613111348e-05,
            0.12268961226197442,
            0.4956728488894851
        ],
        [
            1.8889358584980614e-11,
            7.249146416867001e-06,
            0.6921759415039016,
            0.02170398088722263,
            0.0007703759853054706,
            0.0015806356805078165,
            0.2837618167777562
        ],
        [
            0.7104438173002285,
            0.28402101002722524,
            1.1437371529446213e-08,
            4.06862586979866e-15,
            2.4560679886046475e-15,
            0.005479887680993739,
            5.527355417444071e-05
        ],
        [
            0.0009950601197245097,
            0.272953069534215,
            0.007318841414999126,
            2.0642845862044577e-06,
            1.1645947595517959e-05,
            0.48708391125352424,
            0.23163540744535535
        ],
        [
            6.619980391272738e-10,
            2.3479630273148657e-05,
            0.956326951520134,
            0.00021349754898433091,
            0.0012435680924646952,
            0.0029396952702031107,
            0.039252807275942894
        ],
        [
            0.0022738129726381563,
            0.49736746030138257,
            0.0009759983207880932,
            3.886642726260834e-07,
            2.0414326173193435e-07,
            0.36776096166640887,
            0.1316211739312481
        ],
        [
            3.058640564983896e-16,
            1.5589723904752927e-09,
            0.21081534883506847,
            0.7828576788931456,
            0.0034572677092629517,
            1.0720423159160265e-05,
            0.0028589825803910307
        ],
        [
            2.153561648027713e-11,
            7.041518803881985e-06,
            0.3397719060420268,
            0.6010933532591638,
            0.004293306740606131,
            0.003044064405882239,
            0.051790328011981655
        ],
        [
            3.3909071700702797e-10,
            5.8085873527318896e-05,
            0.8960574397531201,
            0.003545433555733623,
            2.5617657222158424e-06,
            0.012035396207303208,
            0.0883010825055029
        ],
        [
            4.6893863968537144e-23,
            3.6785505841194716e-15,
            0.0024794050872705533,
            0.005757039767756101,
            0.9917633929714003,
            3.2976869058755946e-10,
            1.618438006219637e-07
        ],
        [
            3.0497740327318972e-12,
            2.382494289899017e-06,
            0.8828921832734724,
            0.060202723450365085,
            8.593248388023444e-05,
            0.0006865628424665136,
            0.05613021545247597
        ],
        [
            0.00013414045422548615,
            0.07547285600103391,
            0.03497936026069923,
            8.042652485616503e-06,
            0.00012802820575214937,
            0.12468370344804552,
            0.7645938689777582
        ],
        [
            6.695614389347375e-10,
            8.481157264468566e-05,
            0.8334784100477903,
            0.014473477609991191,
            0.0004932523466658366,
            0.019033887862656248,
            0.13243615989069035
        ],
        [
            0.24244362473286774,
            0.7084657040742078,
            5.13176160104307e-07,
            1.7441867307271663e-13,
            1.198115385608843e-11,
            0.04884052920045786,
            0.0002496288041507763
        ],
        [
            1.3121017624477026e-26,
            1.4143814512771985e-17,
            0.0016191737068056052,
            0.008156025022179774,
            0.9902247876212236,
            5.05903107972471e-12,
            1.3644731904561135e-08
        ],
        [
            2.9996760402846933e-21,
            1.0253664679031827e-13,
            0.004711495981829669,
            0.01719087475626989,
            0.9780965865623075,
            3.5334087763823405e-09,
            1.0391660816823056e-06
        ],
        [
            9.18263614931523e-16,
            4.027968752628794e-09,
            0.0816379570912396,
            0.8411624232738201,
            0.07580497333281565,
            8.88799379043039e-06,
            0.0013857542803644134
        ],
        [
            4.2820588059085205e-11,
            1.55708031767778e-05,
            0.8730496485386787,
            0.0314071608768513,
            8.986389730208726e-05,
            0.001645229547473308,
            0.09379252629369692
        ],
        [
            0.11197512642133536,
            0.6385518283780257,
            1.2160196932558631e-05,
            3.277466747534347e-10,
            2.7077845672381484e-09,
            0.2471112716489462,
            0.002349610319228754
        ],
        [
            3.9875791524523583e-10,
            7.290838921248096e-05,
            0.49650928422120544,
            0.14887252372650692,
            7.999111375217408e-06,
            0.014245147573956358,
            0.3402921365789858
        ],
        [
            0.07167899136789188,
            0.7384733152057461,
            3.931078747620791e-05,
            2.1666832977640266e-11,
            7.619494380792617e-10,
            0.18357836012647247,
            0.00623002172879699
        ],
        [
            0.839867316117166,
            0.15566240838464523,
            2.44091079093082e-09,
            2.3578605187946663e-16,
            7.691480165587835e-15,
            0.004467483556087246,
            2.789501182823677e-06
        ],
        [
            1.9972010301697349e-10,
            2.7620244815403298e-05,
            0.7494270358764317,
            0.0705215724084143,
            0.0008243135253515122,
            0.0040347834288918015,
            0.17516467431637522
        ],
        [
            1.1770720519301352e-09,
            3.478538091682851e-05,
            0.9036906575684309,
            0.0005830679128782161,
            0.00485751529983975,
            0.004703235943790963,
            0.08613073671707114
        ],
        [
            5.205037810306887e-16,
            4.248015213509453e-09,
            0.12768440557276195,
            0.8554006841084985,
            0.01535954693098285,
            8.764633718583915e-06,
            0.0015465945060224363
        ],
        [
            5.954320970805777e-06,
            0.022245092302592997,
            0.03760392191379305,
            3.459327052083699e-05,
            4.077685872723804e-06,
            0.08240424912232394,
            0.8577021113839257
        ],
        [
            0.0033235908632704824,
            0.2757455870631702,
            0.0010316248571238412,
            2.116563542141855e-07,
            3.159193186503879e-09,
            0.5926884110436942,
            0.1272105713571939
        ],
        [
            1.383218249170439e-20,
            2.892055917735002e-13,
            0.004986978131787991,
            0.022138634642885173,
            0.9728726848705294,
            8.397742573908903e-09,
            1.6939567655255286e-06
        ],
        [
            1.2590282727176777e-17,
            9.659687223576206e-11,
            0.040364461867941376,
            0.8358148830178932,
            0.12349960984372463,
            6.135492925613927e-07,
            0.00032043162455126995
        ],
        [
            1.989131418909297e-09,
            0.00016167076757042808,
            0.7667355645433446,
            0.003448276735620725,
            1.3356547937692913e-05,
            0.007154621528519393,
            0.22248650788787597
        ],
        [
            2.6139073664045267e-05,
            0.013968167026048204,
            0.2491543287872757,
            4.14328966854765e-06,
            0.0004985998907606232,
            0.5645318608624762,
            0.17181676107010674
        ],
        [
            0.0013662167887783841,
            0.5297483138568481,
            0.0003699394497373445,
            4.054519203730441e-06,
            5.248368045670216e-10,
            0.027760512758135812,
            0.4407509621024599
        ],
        [
            2.1997483616491548e-16,
            5.249471176569617e-09,
            0.03209353022332981,
            0.966751984707431,
            0.00014288379148713308,
            1.5047159404975736e-06,
            0.0010100913123403945
        ],
        [
            8.755388761678349e-10,
            7.129657066317171e-05,
            0.9638026344194864,
            0.000351717987868712,
            0.0003971773808507131,
            0.005784529151421488,
            0.02959264361417058
        ],
        [
            3.983699339893444e-12,
            3.24845949631515e-06,
            0.733287380759469,
            0.21977702532556465,
            0.0015872397093537275,
            0.0008351850730105667,
            0.044509920669122155
        ],
        [
            7.8200645957348e-33,
            2.410588012976555e-22,
            4.9166114373330776e-05,
            0.016922805009584277,
            0.9830280288508669,
            1.422123675682545e-15,
            2.5173694316872367e-11
        ],
        [
            4.865473834221137e-21,
            4.0312037796782616e-13,
            0.005892829120012904,
            0.9930808297596655,
            0.0010122184383417837,
            1.0491186150395118e-08,
            1.4112190390597446e-05
        ],
        [
            2.204978297059382e-20,
            5.512777249937801e-13,
            0.007199010438849356,
            0.022284269178294933,
            0.9705134657930915,
            1.0202275752541505e-08,
            3.2443869372966726e-06
        ],
        [
            2.5391323939007255e-16,
            2.107158835727274e-09,
            0.20635936068236174,
            0.7442614742050108,
            0.047697821628263755,
            7.019742642308417e-06,
            0.0016743216345624229
        ],
        [
            0.09796905155841376,
            0.8526623599961889,
            4.78339673050049e-06,
            1.9316565675844464e-11,
            4.677231151334399e-12,
            0.04670839471182016,
            0.0026554103128528573
        ],
        [
            2.0320741395424263e-12,
            1.9277182660502805e-06,
