{
    "accuracy": 0.9125295508274232,
    "classification_report": "              precision    recall  f1-score   support\n\n           0       0.89      1.00      0.94        56\n           1       0.94      0.76      0.84        62\n           2       0.97      0.92      0.95        78\n           3       0.92      1.00      0.96        58\n           4       1.00      1.00      1.00        63\n           5       0.84      0.82      0.83        56\n           6       0.80      0.88      0.84        50\n\n    accuracy                           0.91       423\n   macro avg       0.91      0.91      0.91       423\nweighted avg       0.92      0.91      0.91       423\n",
    "auc": null,
    "roc_curve": null,
    "predictions": [
        0,
        4,
        0,
        0,
        6,
        0,
        3,
        5,
        2,
        0,
        2,
        4,
        3,
        3,
        4,
        6,
        4,
        3,
        3,
        6,
        2,
        5,
        4,
        2,
        1,
        6,
        6,
        4,
        4,
        0,
        4,
        6,
        5,
        1,
        0,
        4,
        2,
        1,
        1,
        1,
        0,
        3,
        1,
        1,
        5,
        0,
        3,
        1,
        2,
        3,
        1,
        1,
        1,
        5,
        0,
        6,
        3,
        3,
        5,
        3,
        1,
        4,
        6,
        0,
        3,
        2,
        1,
        4,
        0,
        0,
        6,
        2,
        0,
        0,
        6,
        3,
        3,
        5,
        4,
        3,
        1,
        2,
        3,
        3,
        2,
        2,
        1,
        5,
        1,
        6,
        5,
        3,
        0,
        6,
        2,
        0,
        5,
        2,
        1,
        3,
        3,
        2,
        4,
        2,
        6,
        2,
        1,
        4,
        4,
        3,
        2,
        1,
        2,
        1,
        0,
        2,
        2,
        3,
        6,
        5,
        4,
        3,
        2,
        5,
        1,
        3,
        2,
        2,
        4,
        3,
        4,
        3,
        1,
        2,
        6,
        4,
        0,
        4,
        1,
        2,
        6,
        5,
        0,
        0,
        0,
        3,
        2,
        4,
        0,
        2,
        0,
        0,
        0,
        3,
        2,
        6,
        6,
        5,
        0,
        0,
        1,
        1,
        2,
        0,
        3,
        0,
        3,
        5,
        5,
        6,
        5,
        6,
        3,
        4,
        2,
        6,
        2,
        6,
        2,
        5,
        0,
        3,
        0,
        5,
        3,
        2,
        5,
        4,
        3,
        3,
        0,
        4,
        0,
        1,
        4,
        1,
        3,
        2,
        4,
        0,
        3,
        3,
        4,
        4,
        1,
        4,
        5,
        5,
        2,
        4,
        5,
        2,
        0,
        2,
        3,
        0,
        5,
        3,
        3,
        3,
        4,
        6,
        3,
        5,
        3,
        6,
        0,
        4,
        1,
        5,
        5,
        4,
        1,
        5,
        1,
        2,
        2,
        2,
        2,
        0,
        6,
        6,
        5,
        2,
        2,
        3,
        1,
        2,
        2,
        0,
        5,
        2,
        0,
        6,
        1,
        6,
        2,
        3,
        2,
        2,
        4,
        4,
        5,
        2,
        2,
        4,
        4,
        1,
        1,
        4,
        3,
        4,
        6,
        2,
        3,
        2,
        3,
        4,
        3,
        0,
        0,
        5,
        6,
        4,
        4,
        5,
        2,
        6,
        0,
        3,
        2,
        5,
        0,
        2,
        0,
        5,
        3,
        3,
        6,
        6,
        1,
        5,
        0,
        0,
        5,
        6,
        6,
        5,
        6,
        4,
        5,
        3,
        1,
        4,
        6,
        6,
        2,
        4,
        6,
        5,
        0,
        1,
        4,
        0,
        1,
        4,
        2,
        2,
        4,
        0,
        1,
        1,
        3,
        4,
        2,
        5,
        2,
        0,
        0,
        0,
        2,
        4,
        6,
        2,
        4,
        3,
        5,
        2,
        5,
        6,
        6,
        4,
        6,
        1,
        0,
        6,
        6,
        6,
        5,
        6,
        6,
        3,
        2,
        2,
        3,
        4,
        2,
        6,
        5,
        4,
        0,
        2,
        1,
        3,
        2,
        5,
        0,
        1,
        2,
        2,
        6,
        6,
        1,
        0,
        4,
        5,
        4,
        4,
        1,
        6,
        3,
        5,
        4,
        2,
        3,
        5,
        0,
        4,
        5,
        4,
        1,
        0,
        1,
        5,
        2,
        1,
        0,
        4,
        1,
        4,
        6,
        6,
        5,
        5,
        4,
        0,
        5,
        2,
        5,
        3,
        0,
        3,
        6
    ],
    "probabilities": [
        [
            0.9457124101225756,
            0.05418125096227838,
            1.6168087725733014e-09,
            4.2583808465339276e-18,
            5.16559880865214e-16,
            0.00010398030473461806,
            2.356993602177681e-06
        ],
        [
            4.3069230280265834e-23,
            2.778344226290702e-15,
            0.0025933323004336934,
            0.004229525492249763,
            0.9931769989379348,
            2.3781412344082235e-10,
            1.4303156514893872e-07
        ],
        [
            0.8364364725044497,
            0.15546527965363408,
            3.22760855717282e-10,
            1.9627262094650788e-16,
            9.774691781833344e-16,
            0.008093632903862445,
            4.6146152916829715e-06
        ],
        [
            0.7345856945444482,
            0.263814225280808,
            3.949318657474703e-09,
            8.055443738165781e-16,
            6.46225161953951e-14,
            0.001595007508376672,
            5.068716982899394e-06
        ],
        [
            0.0044008728675263495,
            0.3063035605571894,
            0.0006821242945486986,
            1.2892373444461753e-07,
            2.4798217999764464e-09,
            0.20278750016761773,
            0.48582581070956166
        ],
        [
            0.8698783214249426,
            0.1290392229138826,
            1.5183251941861323e-10,
            1.242854788775351e-16,
            1.9209573024653465e-17,
            0.0010748475860875362,
            7.6079232545358495e-06
        ],
        [
            2.0625341559978534e-16,
            1.0355361887762468e-09,
            0.06180067202945483,
            0.9356421823944914,
            0.002075309646857843,
            5.2810298098131524e-06,
            0.0004765538638495925
        ],
        [
            0.00027143940267782766,
            0.11579672016449909,
            0.02514510652930189,
            1.8192673298699453e-05,
            1.748260627063317e-05,
            0.6281135184017338,
            0.23063754022221794
        ],
        [
            1.4245997966584335e-09,
            8.29743953769417e-05,
            0.9313136748892206,
            0.000474549996799008,
            4.70132244231528e-05,
            0.0069107548236820564,
            0.0611710312458985
        ],
        [
            0.9254652727476881,
            0.07390507592664954,
            7.016252153356704e-10,
            1.810475301425083e-17,
            5.590415574273725e-16,
            0.0006230758391475731,
            6.57478488876719e-06
        ],
        [
            5.132994599469896e-10,
            3.806096753301685e-05,
            0.890991244538016,
            0.010409121926774168,
            7.521101385741722e-05,
            0.016646787698887007,
            0.08183957334163287
        ],
        [
            3.840079958358548e-26,
            1.622255496844556e-17,
            0.001884028608250535,
            0.006366774961415632,
            0.9917491851128521,
            7.305203066316718e-12,
            1.1310176466716026e-08
        ],
        [
            5.31306750408123e-14,
            1.6632519465019376e-07,
            0.09020888338532777,
            0.9036913084813633,
            0.0003772473916264387,
            4.389150078905737e-05,
            0.005678502915645958
        ],
        [
            4.951380209683479e-19,
            2.219246837602457e-11,
            0.10507448846793119,
            0.8934361572765491,
            0.0012434723294862057,
            3.407512851476422e-07,
            0.00024554115255577297
        ],
        [
            8.592832120495715e-21,
            1.588535029878099e-13,
            0.004909107453708873,
            0.015484666121423097,
            0.9796049700017536,
            4.47985686423531e-09,
            1.2519430986413618e-06
        ],
        [
            4.620977369650955e-06,
            0.028458457577912176,
            0.3137496033615311,
            4.645108870567939e-05,
            0.0003662942924615646,
            0.07982877195532616,
            0.5775458007466937
        ],
        [
            7.045440791498561e-27,
            1.1172921335523451e-17,
            0.0008346799688113791,
            0.02145739989324766,
            0.9777079127489857,
            2.8233679095451965e-12,
            7.386131935288012e-09
        ],
        [
            3.017872263429876e-16,
            7.8972899864005e-09,
            0.019769698507605248,
            0.979100839375025,
            3.0489549237053006e-05,
            2.6242737237118335e-06,
            0.0010963403971188447
        ],
        [
            3.4409659375018992e-12,
            1.3185677606681645e-06,
            0.42901799670431173,
            0.4898713202760313,
            0.049157831361365374,
            0.0005293437984659675,
            0.03142218928862398
        ],
        [
            5.61684853747507e-07,
            0.011077929160027639,
            0.19791574067785067,
            0.0007531995348605513,
            4.4898957326330024e-08,
            0.18933066163598936,
            0.6009218624074607
        ],
        [
            4.6821566653477704e-11,
            5.184726389248839e-06,
            0.7907587819501001,
            0.10032431351046366,
            0.00038798198198038955,
            0.0033235230127200773,
            0.10520021477152512
        ],
        [
            0.0008705190794057153,
            0.11499755692922899,
            0.0027211563168527803,
            5.796572082340616e-07,
            5.967652899494256e-08,
            0.696813185851708,
            0.18459694248906722
        ],
        [
            1.2010906284662441e-19,
            1.205245867550273e-12,
            0.010021833767283892,
            0.00801547329755062,
            0.9819580649408524,
            2.2852434218145492e-08,
            4.60514067364396e-06
        ],
        [
            1.723778809560871e-12,
            1.3676215463539438e-06,
            0.9279447554921746,
            0.035687662900354994,
            0.0004190384111164531,
            0.0004609726938850727,
            0.035486202879198826
        ],
        [
            0.4420396979354414,
            0.5380910512503653,
            1.4143724418733786e-07,
            1.0581154535956082e-13,
            5.4621941897427885e-15,
            0.019758112214964346,
            0.00011099716187351959
        ],
        [
            2.975971608715551e-06,
            0.008597046950142637,
            0.3930908545382629,
            3.2615129437731995e-05,
            0.023457764670508648,
            0.06873197045365521,
            0.5060867722863842
        ],
        [
            9.302495291729064e-06,
            0.03628533806354056,
            0.23510586337274128,
            8.132586308581764e-05,
            4.1732819286100174e-07,
            0.10619834674461473,
            0.622319406132533
        ],
        [
            9.953726558624355e-31,
            8.33490437797223e-21,
            0.00031950291670491363,
            0.021689032428392093,
            0.9779914644400213,
            2.0442819785397253e-14,
            2.148613377164934e-10
        ],
        [
            6.1601348042742174e-21,
            1.108452288108041e-13,
            0.005878795043817669,
            0.004771522239415101,
            0.9893485508665086,
            3.968965935719935e-09,
            1.1278811818112897e-06
        ],
        [
            0.8837531058751591,
            0.11522320612898251,
            5.398748426535553e-09,
            7.564800730332453e-16,
            7.237699434595e-16,
            0.0009945262616936083,
            2.9156335414722205e-05
        ],
        [
            9.455212453899768e-22,
            2.2832885608318977e-14,
            0.003988277390659381,
            0.004060620734407927,
            0.9919506989643162,
            1.1562469492935893e-09,
            4.0175434662005045e-07
        ],
        [
            0.00039025348471652036,
            0.06715991959339607,
            0.010466917490545633,
            1.9509479362219463e-05,
            3.164218963950386e-05,
            0.2815146983076235,
            0.6404170594547165
        ],
        [
            6.225236832308933e-06,
            0.006106291788215562,
            0.22181777923929577,
            3.7390144652666716e-05,
            0.0003276256853381897,
            0.5331184462232141,
            0.23858624168245135
        ],
        [
            0.47287522908739077,
            0.5047342005930692,
            1.9482292075323234e-06,
            5.854645178915666e-12,
            2.094433606863004e-09,
            0.018347318728476416,
            0.0040413012615678374
        ],
        [
            0.8760040171052011,
            0.12330959708057355,
            8.02904296005625e-11,
            4.404777619199807e-18,
            1.394534324373077e-14,
            0.0006857606845853915,
            6.250493353977277e-07
        ],
        [
            7.043909541467248e-21,
            2.1578004053288991e-13,
            0.009154056111317982,
            0.0039638826794481516,
            0.9868793304444683,
            5.046180587539062e-09,
            2.7257183692367284e-06
        ],
        [
            1.2891917718934433e-12,
            1.228665362036967e-06,
            0.9094815926994301,
            0.05093533309224142,
            0.000363656078439595,
            0.0003921056165361223,
            0.03882608384670153
        ],
        [
            0.11397796701131006,
            0.8792118187041337,
            1.3654737554128047e-07,
            4.0131827299441575e-12,
            3.677217756629961e-13,
            0.0066892323899102315,
            0.00012084534288949928
        ],
        [
            0.11711000485036666,
            0.8253835380762147,
            2.7466775486381193e-05,
            2.881777414935776e-12,
            9.864709044962369e-08,
            0.05334744696916572,
            0.004131444678794288
        ],
        [
            0.028280890008182156,
            0.8974158429896338,
            9.965922850829472e-06,
            1.6357550091706247e-09,
            7.610110082824546e-11,
            0.07207854281875109,
            0.0022147565487260538
        ],
        [
            0.7073218960560308,
            0.2790095722216209,
            2.3362228139725029e-07,
            1.5891698581956438e-13,
            3.7626531220950686e-11,
            0.01346291942219403,
            0.00020537864008740301
        ],
        [
            1.5985598253165497e-16,
            1.654855669278274e-09,
            0.08793305479351539,
            0.9115123014730204,
            0.00015824144559058038,
            9.199562330028826e-06,
            0.0003872010706878814
        ],
        [
            0.029631722538263947,
            0.656718286379112,
            6.411271134144255e-05,
            1.4195547409512874e-07,
            5.114355231829595e-12,
            0.2747430778605064,
            0.03884265855018777
        ],
        [
            0.04466922157142421,
            0.6628764347610132,
            6.372861667097068e-06,
            6.109164337805251e-10,
            6.139100068889711e-13,
            0.2883179317906169,
            0.004130038403748501
        ],
        [
            0.0006913110446262811,
            0.1667387552675711,
            0.004626804732085112,
            1.7258825771199754e-05,
            1.9165321050668645e-07,
            0.5746614316444532,
            0.25326424683228266
        ],
        [
            0.9234619586852835,
            0.07631622823918081,
            1.231715241687081e-10,
            2.4716059886261913e-17,
            1.2267262064782405e-15,
            0.00022080342634655698,
            1.009526016613735e-06
        ],
        [
            3.91919176990172e-15,
            1.6225180362918157e-08,
            0.07167124813446879,
            0.9218405589937246,
            0.0012715867143926118,
            9.13890444146103e-06,
            0.005207451027788314
        ],
        [
            0.0155381670701169,
            0.6510215338892353,
            0.000999895356671018,
            1.0967947431212442e-09,
            6.264619646749208e-09,
            0.25514399393744247,
            0.07729640238511998
        ],
        [
            9.388842938206631e-10,
            0.00012482023890156895,
            0.9410137789584896,
            0.00019143869674821058,
            0.0015380488628022602,
            0.022028108844454823,
            0.03510380345971949
        ],
        [
            9.197127682328637e-17,
            1.4414437911966932e-09,
            0.08323011953092452,
            0.9120131938285485,
            0.004164263936841223,
            4.776946758061809e-06,
            0.0005876443154837712
        ],
        [
            0.002157894355174589,
            0.5539432456700372,
            0.0022729375447483324,
            2.272277275842713e-07,
            8.537383545460928e-08,
            0.3588357843157735,
            0.0827898255127035
        ],
        [
            0.4229967336851082,
            0.5579056021729887,
            1.1319221511713478e-07,
            5.3782086210300866e-14,
            3.540197270203538e-14,
            0.018678315301993275,
            0.0004192356476056071
        ],
        [
            0.014962816066525258,
            0.9487228103137905,
            3.7560030347812594e-05,
            2.9475934600710274e-10,
            3.0376286287318063e-13,
            0.03175663170257486,
            0.004520181591698401
        ],
        [
            4.779832057385793e-05,
            0.052239131576020344,
            0.018560407288025865,
            7.582304262794281e-06,
            1.798204043582319e-08,
            0.8498947832015696,
            0.07925027932750701
        ],
        [
            0.839313612562075,
            0.15841004014819107,
            9.721619100718184e-10,
            6.835225222671971e-16,
            4.607853018950141e-16,
            0.002265310190275898,
            1.1036127294918547e-05
        ],
        [
            1.2233321018273939e-05,
            0.019162626942425695,
            0.025833450379449986,
            1.8845869281287584e-05,
            1.1867813844121368e-06,
            0.10268697531395794,
            0.8522846813924824
        ],
        [
            1.260528681564117e-20,
            1.4928649053296581e-12,
            0.004405791852693592,
            0.9955556282876755,
            1.8124412369027676e-05,
            2.0048654333758535e-08,
            2.0435397114772015e-05
        ],
        [
            1.1443695151887697e-15,
            7.198090393630817e-09,
            0.19485134576205787,
            0.7941464865652447,
            0.008544170321212513,
            1.4475076020970795e-05,
            0.00244351507737236
        ],
        [
            3.790370167067439e-05,
            0.1671690562143611,
            0.002419434791809295,
            0.0003071057344437058,
            3.4904396209716656e-08,
            0.6996809546911668,
            0.1303855099621523
        ],
        [
            2.3365393135571037e-18,
            8.291896685808325e-11,
            0.13915442576316728,
            0.8557634478398635,
            0.004735206336385124,
            3.0575105445905227e-07,
            0.00034661422661066044
        ],
        [
            0.09848774258350436,
            0.8834835016468745,
            3.5120571532459944e-07,
            1.7024641224662028e-10,
            9.294576228367419e-12,
            0.017741402900293527,
            0.00028700148407118125
        ],
        [
            1.153258627368791e-24,
            2.229848138498559e-16,
            0.0015310672188039052,
            0.0043555954847104145,
            0.994113299546817,
            3.45388532927632e-11,
            3.771512959477261e-08
        ],
        [
            5.355297428089715e-06,
            0.01955854895930418,
            0.026592164899314378,
            0.00803798533053632,
            6.5033824972181396e-06,
            0.23180813667288688,
            0.7139913054580329
        ],
        [
            0.9649328997846338,
            0.034464324421824996,
            2.8569191625160344e-10,
            8.847912117480231e-17,
            1.2498626668138617e-17,
            0.0005997184241430973,
            3.057083706265702e-06
        ],
        [
            1.0880849837881437e-16,
            1.4188575374551183e-09,
            0.2917255312419443,
            0.7007050214570167,
            0.006289688826213637,
            5.338000340487991e-06,
            0.0012744190556271654
        ],
        [
            4.529750830319995e-12,
            5.09229195249523e-06,
            0.9385439951855981,
            0.019516902591894727,
            0.003352544645249476,
            0.0008392294678579345,
            0.03774223581291764
        ],
        [
            0.028785258854138268,
            0.8066490241058091,
            0.0001597944299765762,
            9.17975629037712e-08,
            4.5281989202183914e-07,
            0.1340030542822074,
            0.030402323710413817
        ],
        [
            1.0418287628547235e-36,
            2.8260618228611096e-25,
            8.895309794386206e-06,
            0.01955857313901384,
            0.9804325315503827,
            7.461920404108187e-18,
            8.090835855158966e-13
        ],
        [
            0.860312626432063,
            0.13689080338099954,
            6.414892423238756e-10,
            6.6713800733954e-17,
            4.833787307807432e-17,
            0.0027955432622883613,
            1.0262831600566158e-06
        ],
        [
            0.5203226473742995,
            0.4298480101824122,
            3.4381864869346046e-07,
            3.632858450699052e-14,
            6.340754353143188e-13,
            0.04977400625857976,
            5.4992365389554033e-05
        ],
        [
            1.2141000288918201e-05,
            0.019752079354298298,
            0.12415875825743683,
            0.0005841192925808288,
            1.8442008924677794e-05,
            0.25358268853564214,
            0.6018917715508283
        ],
        [
            5.6549087138834646e-08,
            0.0005759472458583203,
            0.6228725550815398,
            0.0020571065657293314,
            1.192376929638784e-06,
            0.05512052023128365,
            0.3193726219495721
        ],
        [
            0.9296577479180961,
            0.07029620020329834,
            1.9782632818282814e-11,
            1.3293923832417305e-18,
            3.0108896069734645e-16,
            4.560813604638318e-05,
            4.437227764370974e-07
        ],
        [
            0.7957848496760015,
            0.20134834675213895,
            2.9427372257849355e-08,
            9.751240920342254e-15,
            6.963778127635475e-12,
            0.0027955124676120875,
            7.126166990176716e-05
        ],
        [
            0.00021612493406810107,
            0.08649487616909307,
            0.016942606751224793,
            4.18797008575402e-06,
            9.401775174151997e-06,
            0.33008885098506097,
            0.5662439514152932
        ],
        [
            6.270616984690224e-17,
            4.3620193340440566e-10,
            0.14286130362654312,
            0.836817248436044,
            0.019358476225808878,
            2.0917595526647665e-06,
            0.0009608795158493094
        ],
        [
            9.534595151102567e-16,
            3.6044116997939626e-09,
            0.0553619959637713,
            0.9424876370892444,
            0.0009486661498265843,
            1.204272381756952e-05,
            0.0011896544689275674
        ],
        [
            0.004204708693872079,
            0.38285529267545426,
            0.022337659382696835,
            3.4693883937487376e-08,
            9.040744436822758e-06,
            0.49130538383674893,
            0.09928787997290715
        ],
        [
            4.3736596547094303e-23,
            2.7588668006666174e-15,
            0.002506359338364718,
            0.004761875537297408,
            0.9927316342311956,
            2.2435192246277058e-10,
            1.306687875694509e-07
        ],
        [
            2.95960607789531e-14,
            2.8755360347361737e-08,
            0.13890353798761623,
            0.8494503838714368,
            0.008785083738957913,
            8.547574292035313e-05,
            0.002775489903678971
        ],
        [
            0.0030013481728345163,
            0.7171516528525271,
            0.0016969952905641675,
            3.4835710588896084e-09,
            5.387382157231514e-09,
            0.21881455226502805,
            0.05933544254809298
        ],
        [
            2.57964825815612e-11,
            8.273852900777643e-06,
            0.9235056669880659,
            0.008112388510560807,
            6.0849590146871766e-05,
            0.00047815661578186965,
            0.06783466441674717
        ],
        [
            2.5678113727161937e-18,
            1.484591514001215e-10,
            0.00633513537394704,
            0.9935298785540496,
            1.3092088708519654e-05,
            2.2405578896721163e-07,
            0.00012166977904679038
        ],
        [
            8.639123684572489e-16,
            3.882441143461612e-09,
            0.05770130788564559,
            0.9405485483005143,
            0.000219678674181015,
            4.071338370054779e-06,
            0.0015263899188470815
        ],
        [
            6.170566614697207e-13,
            7.393387042075995e-07,
            0.9133592287426466,
            0.06500353845163648,
            0.0018478102798261894,
            0.0005640723656477573,
            0.019224610820921688
        ],
        [
            1.1494237614053114e-09,
            0.00010563978774148219,
            0.8036688753807726,
            0.003004874258420436,
            2.2848516516047536e-05,
            0.003501093438686372,
            0.1896966674684393
        ],
        [
            0.018173251929041494,
            0.6143452526272465,
            0.0010941227325235161,
            7.67869174660973e-09,
            1.035591761394065e-09,
            0.3232576348471664,
            0.04312972914973853
        ],
        [
            0.00015374087109328873,
            0.028721967429760464,
            0.08508954799286757,
            7.703185792088087e-06,
            0.0013718473379669784,
            0.6894023934881086,
            0.1952527996944109
        ],
        [
            0.0704519314717209,
            0.8712295595195714,
            6.939603831577484e-06,
            3.7918566971182047e-10,
            5.970908281672947e-10,
            0.0415732411472556,
            0.016738327281343977
        ],
        [
            9.434621388584047e-06,
            0.01068338630144168,
            0.07295257554760695,
            2.1246119956492137e-05,
            2.8971635518029026e-07,
            0.2607635246187754,
            0.6555695430744758
        ],
        [
            0.0002496016301193506,
            0.26900700544120226,
            0.0051368170379777305,
            5.788096435772895e-05,
            2.5826899843478034e-09,
            0.4589420054125889,
            0.26660668693106415
        ],
        [
            9.175686124976554e-16,
            1.5454312770388434e-08,
            0.02870279727617657,
            0.9695203162076975,
            3.9617098880418803e-05,
            4.687973230007335e-06,
            0.0017325659897017326
        ],
        [
            0.7524711776826285,
            0.2434932072304222,
            1.1939041544750772e-09,
            9.103671553599028e-16,
            1.4344973926247892e-16,
            0.004025803070419781,
            9.81082262439436e-06
        ],
        [
            0.00012644244659945728,
            0.2688284844885192,
            0.07085422338769595,
            4.722114627541281e-06,
            3.329344819302044e-05,
            0.20142600327927476,
            0.4587268308350901
        ],
        [
            2.0251722751011663e-11,
            7.0651366857969635e-06,
            0.7010105060166805,
            0.02551949049617943,
            0.0008984616494593787,
            0.001785182123108601,
            0.2707792945576347
        ],
        [
            0.6957756708714741,
            0.2980394199683407,
            9.17952978557218e-09,
            5.396374623840811e-15,
            1.7372092844048086e-15,
            0.00613554634324312,
            4.935363740538035e-05
        ],
        [
            0.0009663212971839247,
            0.2713836118043521,
            0.008399042250049369,
            2.149279119514317e-06,
            1.5502669195386945e-05,
            0.4568788538596496,
            0.26235451884045
        ],
        [
            6.229962029829842e-10,
            2.053120082707813e-05,
            0.9604087217540552,
            0.00012072866085904318,
            0.0009019355425572682,
            0.0021236647862104877,
            0.03642441743249476
        ],
        [
            0.0023000751063059883,
            0.47903906836117627,
            0.0008802130078138397,
            6.492521527728025e-07,
            2.7546951578314406e-07,
            0.38869418139436784,
            0.12908553740866738
        ],
        [
            2.499029694670958e-16,
            1.3789385635424216e-09,
            0.16530196463543584,
            0.8293097197192008,
            0.002908598095862792,
            1.1507305330970942e-05,
            0.0024682088652308418
        ],
        [
            1.949792766830156e-11,
            5.301023746405758e-06,
            0.3884253885852002,
            0.5573059947353411,
            0.005777712424203252,
            0.002067470546650415,
            0.04641813266536064
        ],
        [
            4.5040527718662826e-10,
            9.554550193789321e-05,
            0.8540317292964774,
            0.005356940955152608,
            1.5233008430362677e-06,
            0.023395397759351035,
            0.11711886273583264
        ],
        [
            4.389079670671282e-23,
            2.8654785376189043e-15,
            0.0026067672410941198,
            0.004364237861746082,
            0.993028848044234,
            2.426004091161141e-10,
            1.4661032239023741e-07
        ],
        [
            3.1838731896687505e-12,
            2.2676604331742404e-06,
            0.8958770450490562,
            0.04733948827019309,
            8.513051335153528e-05,
            0.0006160402338480483,
            0.056080028269934086
        ],
        [
            0.00014205150179858679,
            0.07950605247235809,
            0.029038885900662812,
            9.412776226728214e-06,
            0.00014091078271400722,
            0.1430611275781882,
            0.7481015589880516
        ],
        [
            5.522800434994565e-10,
            6.243301141617298e-05,
            0.8679455102431013,
            0.011775535368989423,
            0.0004916319114056005,
            0.01251679382812596,
            0.10720809508468135
        ],
        [
            0.2433618131621254,
            0.7047173354135334,
            5.092714445000766e-07,
            2.679015643934182e-13,
            1.447596187451253e-11,
            0.05167348616404445,
            0.00024685597410831304
        ],
        [
            1.476403601327003e-26,
            1.3862098382411046e-17,
            0.0019810853689340917,
            0.007758346408382965,
            0.9902605521301946,
            4.58058528769009e-12,
            1.608790783436907e-08
        ],
        [
            2.7440808344968287e-21,
            8.283946048833156e-14,
            0.004818788807368302,
            0.015215928092624106,
            0.9799643233684336,
            2.7548619230488136e-09,
            9.569766292531493e-07
        ],
        [
            9.13719971266826e-16,
            3.5843756285085422e-09,
            0.08574854795159366,
            0.834734160574138,
            0.07811912904424238,
            7.564019023983214e-06,
            0.0013905948266254306
        ],
        [
            3.1328496720687785e-11,
            9.808464007414495e-06,
            0.9086620388812984,
            0.01340184963794876,
            8.922148482200705e-05,
            0.0007051821551518851,
            0.07713189934544276
        ],
        [
            0.13654348259504592,
            0.6497560136177429,
            2.3382923117183412e-05,
            4.25294065295595e-10,
            4.954077216575071e-09,
            0.21082623034471273,
            0.002850885140009896
        ],
        [
            3.8984080402425717e-10,
            7.815642447564933e-05,
            0.4591891813808929,
            0.160132441109951,
            6.600191032127381e-06,
            0.015850112999159678,
            0.36474350750464773
        ],
        [
            0.07741070618899984,
            0.7412155033804558,
            3.965774228779004e-05,
            2.858357768600983e-11,
            8.667064512147889e-10,
            0.17500497605602583,
            0.006329155736940726
        ],
        [
            0.8417614326414945,
            0.1544379188761042,
            3.0962595374240535e-09,
            2.869137114825351e-16,
            8.38058669647329e-15,
            0.00379759068127338,
            3.0547048596043153e-06
        ],
        [
            2.366077426031423e-10,
            3.557515721723614e-05,
            0.6916931190871886,
            0.09260690389352541,
            0.0009870849215328488,
            0.0060917397672556805,
            0.2085855769366725
        ],
        [
            1.3034741008941127e-09,
            3.6931999459196505e-05,
            0.8998198214543042,
            0.000507760361807557,
            0.004714392520971836,
            0.005002233891129751,
            0.08991885846885347
        ],
        [
            4.932464050430728e-16,
            3.970107505137539e-09,
            0.11026097184050464,
            0.8758814497421008,
            0.012315010754837298,
            8.287943260111124e-06,
            0.0015342757491891325
        ],
        [
            6.734845799807479e-06,
            0.02203438695239233,
            0.03521492766335271,
            3.4488033142714795e-05,
            4.531430711589152e-06,
            0.08270097909165094,
            0.8600039519829499
        ],
        [
            0.00300427031033772,
            0.258555211379522,
            0.0009481027845367288,
            2.783659753291156e-07,
            3.335545937877936e-09,
            0.6267515606412741,
            0.11074057318280818
        ],
        [
            1.1501789986524782e-20,
            2.0026437047509036e-13,
            0.0051141578874506185,
            0.01707613635973971,
            0.9778082917804499,
            5.29085522110926e-09,
            1.4086813043926086e-06
        ],
        [
            1.1857721084407955e-17,
            9.304944486581962e-11,
            0.03735456409587655,
            0.8324887870956537,
            0.1298158064231196,
            6.141164887187018e-07,
            0.000340228175812047
        ],
        [
            8.683986225607338e-10,
            4.608819663307652e-05,
            0.881976884798903,
            0.0004993185505439039,
            1.3993249756747386e-05,
            0.0008773007473691586,
            0.1165864135883952
        ],
        [
            2.846372391593226e-05,
            0.013628489170024887,
            0.25061457975166507,
            4.311356146623292e-06,
            0.0005108788660889621,
            0.5671025081654442,
            0.1681107689667143
        ],
        [
            0.0011838977938363317,
            0.5160388476170324,
            0.000364388272589394,
            3.4450797587305235e-06,
            4.923657717124126e-10,
            0.021227745405023913,
            0.46118167533939347
        ],
        [
            1.9719252392131559e-16,
            5.890773513366834e-09,
            0.018993624900162886,
            0.9799411677249145,
            7.41491460925485e-05,
            1.8620073019939282e-06,
            0.0009891903307546067
        ],
        [
            1.2985966720842347e-09,
            0.00011703296765848787,
            0.9474688116096615,
            0.000498203518807562,
            0.0002839870394488545,
            0.010236677709107056,
            0.04139528585671987
        ],
        [
            3.857745232956072e-12,
            2.6229813541385086e-06,
            0.8029098251809853,
            0.15424195923755127,
            0.001984369817615672,
            0.0005831487838016227,
            0.04027807399483424
        ],
        [
            8.210119705560715e-33,
            2.156165014393793e-22,
            5.8224483265032664e-05,
            0.016374448009782806,
            0.9835673274792138,
            1.231405968054488e-15,
            2.7736922887033256e-11
        ],
        [
            4.415464099308728e-21,
            3.8264855076796724e-13,
            0.006008333122602835,
            0.9930062291218061,
            0.0009710169197375466,
            1.0379980550113496e-08,
            1.441045549019274e-05
        ],
        [
            2.1215691807432463e-20,
            5.182786242853164e-13,
            0.006828693419720598,
            0.02466794564655195,
            0.9685001157927033,
            1.01685117879652e-08,
            3.2349719939420996e-06
        ],
        [
            2.6985803226827775e-16,
            2.07933344470422e-09,
            0.2122685288008709,
            0.7384657801992066,
            0.04744012259015329,
            6.795742001208033e-06,
            0.0018187705884341635
        ],
        [
            0.10581252650600267,
            0.8518198796706263,
            5.357857522101091e-06,
            2.156344601957565e-11,
            5.651287338553586e-12,
            0.03950211252099286,
            0.0028601234176410246
        ],
        [
            1.7224297581270538e-12,
            1.4207266411557981e-06,
