{
    "accuracy": 0.933806146572104,
    "classification_report": "              precision    recall  f1-score   support\n\n           0       0.93      1.00      0.97        56\n           1       0.91      0.82      0.86        62\n           2       0.95      0.95      0.95        78\n           3       0.93      0.98      0.96        58\n           4       1.00      1.00      1.00        63\n           5       0.82      0.91      0.86        56\n           6       1.00      0.86      0.92        50\n\n    accuracy                           0.93       423\n   macro avg       0.94      0.93      0.93       423\nweighted avg       0.94      0.93      0.93       423\n",
    "auc": null,
    "roc_curve": null,
    "predictions": [
        0,
        4,
        0,
        0,
        5,
        0,
        3,
        5,
        2,
        0,
        2,
        4,
        3,
        3,
        4,
        6,
        4,
        3,
        3,
        6,
        2,
        5,
        4,
        2,
        1,
        6,
        6,
        4,
        4,
        0,
        4,
        5,
        5,
        1,
        0,
        4,
        2,
        1,
        1,
        1,
        0,
        3,
        1,
        1,
        5,
        0,
        3,
        1,
        2,
        3,
        1,
        1,
        1,
        5,
        0,
        6,
        3,
        3,
        5,
        3,
        1,
        4,
        6,
        0,
        3,
        2,
        1,
        4,
        0,
        1,
        6,
        6,
        0,
        0,
        5,
        3,
        3,
        5,
        4,
        3,
        1,
        2,
        3,
        3,
        2,
        2,
        1,
        6,
        1,
        5,
        5,
        3,
        0,
        5,
        2,
        0,
        5,
        2,
        5,
        3,
        2,
        2,
        4,
        2,
        6,
        2,
        1,
        4,
        4,
        3,
        2,
        1,
        2,
        1,
        0,
        2,
        2,
        3,
        6,
        5,
        4,
        3,
        2,
        5,
        1,
        3,
        2,
        2,
        4,
        3,
        4,
        3,
        1,
        2,
        6,
        4,
        0,
        4,
        1,
        2,
        5,
        5,
        0,
        0,
        0,
        3,
        2,
        4,
        0,
        2,
        0,
        0,
        1,
        3,
        2,
        5,
        6,
        5,
        0,
        0,
        5,
        1,
        2,
        0,
        3,
        0,
        3,
        5,
        5,
        6,
        1,
        2,
        3,
        4,
        2,
        6,
        2,
        6,
        2,
        5,
        0,
        3,
        0,
        5,
        3,
        2,
        5,
        4,
        3,
        3,
        0,
        4,
        0,
        1,
        4,
        1,
        3,
        2,
        4,
        0,
        3,
        3,
        4,
        4,
        1,
        4,
        5,
        5,
        2,
        4,
        1,
        2,
        0,
        2,
        3,
        0,
        5,
        3,
        3,
        2,
        4,
        6,
        3,
        5,
        3,
        6,
        0,
        4,
        1,
        5,
        5,
        4,
        1,
        5,
        1,
        2,
        2,
        2,
        2,
        0,
        6,
        6,
        5,
        2,
        2,
        3,
        1,
        2,
        2,
        0,
        5,
        2,
        0,
        5,
        1,
        6,
        2,
        3,
        2,
        2,
        4,
        4,
        5,
        2,
        2,
        4,
        4,
        1,
        1,
        4,
        3,
        4,
        6,
        2,
        3,
        2,
        3,
        4,
        3,
        0,
        0,
        5,
        6,
        4,
        4,
        5,
        2,
        6,
        0,
        3,
        2,
        5,
        1,
        2,
        0,
        5,
        3,
        3,
        6,
        6,
        1,
        5,
        0,
        0,
        5,
        1,
        6,
        5,
        6,
        4,
        5,
        3,
        1,
        4,
        5,
        6,
        2,
        4,
        6,
        1,
        0,
        1,
        4,
        0,
        1,
        4,
        2,
        2,
        4,
        0,
        1,
        1,
        3,
        4,
        2,
        5,
        2,
        0,
        0,
        0,
        2,
        4,
        6,
        2,
        4,
        3,
        5,
        2,
        5,
        6,
        6,
        4,
        6,
        1,
        0,
        6,
        6,
        6,
        5,
        6,
        2,
        3,
        2,
        2,
        3,
        4,
        2,
        6,
        5,
        4,
        0,
        2,
        1,
        3,
        2,
        5,
        0,
        1,
        2,
        2,
        2,
        6,
        1,
        0,
        4,
        5,
        4,
        4,
        1,
        2,
        3,
        5,
        4,
        6,
        3,
        5,
        0,
        4,
        5,
        4,
        1,
        0,
        1,
        5,
        2,
        1,
        0,
        4,
        1,
        4,
        6,
        5,
        5,
        5,
        4,
        0,
        1,
        2,
        5,
        3,
        0,
        3,
        6
    ],
    "probabilities": [
        [
            0.9908222038092932,
            0.0031248457115052356,
            0.0015003439663122614,
            0.0008751042685643924,
            0.00085593954230735,
            0.0014419097178061675,
            0.001379652984211503
        ],
        [
            0.0005815114451246907,
            0.0005682843707414393,
            0.000690382461605717,
            0.0017651635165627665,
            0.9951804187743053,
            0.00057335442224774,
            0.0006408850094125632
        ],
        [
            0.9793549891338043,
            0.012309322083251448,
            0.0015686338266126063,
            0.0015334180574776096,
            0.001092665641720235,
            0.0022446518397988427,
            0.0018963194173350663
        ],
        [
            0.9803188381599852,
            0.010746774211884993,
            0.0018044416519737237,
            0.0015812750158753373,
            0.001132815534915447,
            0.0025355974805379294,
            0.0018802579448275029
        ],
        [
            0.022416202053582364,
            0.20484683108174986,
            0.004933829251629301,
            0.0026644471016877436,
            0.0013966295956221754,
            0.5264876541451851,
            0.2372544067705432
        ],
        [
            0.9903895956459632,
            0.007077407416430334,
            0.0005372122012580493,
            0.00044696855246894755,
            0.0005836119078670754,
            0.00038619386674503594,
            0.0005790104092671352
        ],
        [
            0.00044799349284535957,
            0.00045725629250275635,
            0.001874318186329125,
            0.9956229035592754,
            0.0005238947642020113,
            0.000437580166584593,
            0.0006360535382609379
        ],
        [
            0.002073776175034069,
            0.17624581091573013,
            0.020678456310073253,
            0.003030763838809229,
            0.00352093902470544,
            0.611267647383708,
            0.18318260635193992
        ],
        [
            0.0010802758043265822,
            0.0007392034133335032,
            0.9967838218768135,
            0.00023089585838325486,
            0.00020121697985172178,
            0.0004442182841574418,
            0.0005203677831344624
        ],
        [
            0.9848865044007109,
            0.008692246057658271,
            0.0014035071206770769,
            0.0008179305569356082,
            0.0008518283708649892,
            0.0019862834664741242,
            0.001361700026679415
        ],
        [
            0.0009262066241573384,
            0.00036827597332227374,
            0.993030890398576,
            0.00046945284180190697,
            0.00043603662948162703,
            0.0012465313920662436,
            0.0035226061405942313
        ],
        [
            0.0008332702175212877,
            0.0010486663944363013,
            0.0033477010506362654,
            0.006493018015311612,
            0.9853043938258209,
            0.0012832349142580966,
            0.0016897155820154582
        ],
        [
            0.0009029308122512527,
            0.0014369343323977616,
            0.002819666129905669,
            0.9899970975712671,
            0.0007299696458192608,
            0.0017662009143843986,
            0.0023472005939748114
        ],
        [
            0.00030035780610169913,
            0.0002201990528098786,
            0.0025034309945439694,
            0.9950958084213658,
            0.0012877025195551773,
            0.0002586531014867547,
            0.000333848104137184
        ],
        [
            0.0004997057293914165,
            0.0005590992359733641,
            0.0009313869713852213,
            0.002759752559212737,
            0.9940974614721192,
            0.0005409369373925813,
            0.0006116570945257761
        ],
        [
            0.00740347778804848,
            0.06890143571274229,
            0.11486752575554718,
            0.005965223618986375,
            0.004930838241637049,
            0.17870273738427125,
            0.6192287614987669
        ],
        [
            0.00032126306406128223,
            0.00032042651020213153,
            0.0010239234552850288,
            0.0028293786755271364,
            0.9947495175331837,
            0.00037013306869898875,
            0.0003853576930419327
        ],
        [
            0.0006449420116159345,
            0.0008321282311308032,
            0.00028541290710785316,
            0.9963326435951612,
            0.00021840486183815735,
            0.0007441091844560356,
            0.0009423592086898503
        ],
        [
            0.001674099672572874,
            0.0054289169105784735,
            0.2456681194502622,
            0.7107733687684111,
            0.00933642218944626,
            0.010681220794006973,
            0.016437852214722253
        ],
        [
            0.0018937605916398387,
            0.006171132888326336,
            0.060226001423491986,
            0.002779409769189843,
            0.0011138628257825714,
            0.05957854750512922,
            0.8682372849964399
        ],
        [
            0.00029831253543628815,
            0.00020665417112490132,
            0.9943939961842647,
            0.000703878689968316,
            0.0004226232689317198,
            0.0004068129799652512,
            0.0035677221703088085
        ],
        [
            0.0018908230743494194,
            0.04465837318714106,
            0.004925386135374795,
            0.0024890325931808633,
            0.0011026424633323992,
            0.8197978554155898,
            0.1251358871310312
        ],
        [
            0.0006437950247449642,
            0.0007653027235041401,
            0.0013740457575602218,
            0.0020468906099115206,
            0.9931852429653514,
            0.0008323188465558286,
            0.0011524040723717855
        ],
        [
            0.00016017162038740307,
            8.507203880258193e-05,
            0.9990725326232949,
            0.00010754193145778408,
            0.00039358964431272217,
            5.691358710576672e-05,
            0.00012417855463861546
        ],
        [
            0.1716538653103898,
            0.8163442073802959,
            0.0010398061882434084,
            0.0005133220881733574,
            0.0004941570388457643,
            0.0052874843010987,
            0.004667157692952933
        ],
        [
            0.000362628230032999,
            0.0005050012312104951,
            0.005682587529455756,
            0.0016273689932779902,
            0.0019216120875717802,
            0.003028333872847972,
            0.9868724680556034
        ],
        [
            0.0005683260612011474,
            0.0015651181791131,
            0.007815736032304612,
            0.00036996799564973585,
            0.00021409359678975992,
            0.0077436729215080635,
            0.9817230852134335
        ],
        [
            0.0004963797863842317,
            0.0005330372443727926,
            0.0009940887781306118,
            0.0027021036848960574,
            0.9938871521546878,
            0.0006037170021215837,
            0.0007835213494070917
        ],
        [
            0.0006526490582314491,
            0.0007276350503453185,
            0.001094407077177442,
            0.0019745816517870354,
            0.9937824083291377,
            0.0007617329599465128,
            0.0010065858733744536
        ],
        [
            0.9890901825089258,
            0.005375831412882285,
            0.0011567929130672635,
            0.0006250686843189227,
            0.0007044096069784987,
            0.0015730728265136544,
            0.0014746420473137197
        ],
        [
            0.0008851749953035367,
            0.000944768588198291,
            0.0016997398373568794,
            0.00438939648285445,
            0.9899170897794252,
            0.0010275240661247788,
            0.001136306250737229
        ],
        [
            0.0008223401930682603,
            0.016042044231347304,
            0.0028626905436159246,
            0.0010094922102159723,
            0.0017049836116640373,
            0.5563562387293374,
            0.4212022104807514
        ],
        [
            0.0008112945702708913,
            0.00337076799224419,
            0.08557454100937897,
            0.0022316423382300974,
            0.002916772580910905,
            0.7186187584955387,
            0.18647622301342634
        ],
        [
            0.12061166879149866,
            0.8586815135443269,
            0.0015883330224470448,
            0.0004835943729479145,
            0.0011834092714082443,
            0.011505937982394137,
            0.005945543014977003
        ],
        [
            0.9649806429218777,
            0.03135183421121091,
            0.00039316888709785004,
            0.00040903172989546695,
            0.0005556437245907973,
            0.0014971623780011063,
            0.0008125161473264971
        ],
        [
            0.0004988323704283891,
            0.000620706535614923,
            0.0023378408479852054,
            0.0041742375499008765,
            0.9903777815804063,
            0.0007809188965833416,
            0.001209682219081373
        ],
        [
            4.116697187209045e-07,
            5.07805450608397e-07,
            0.9995116235571814,
            0.00011409380166896317,
            0.0002710344155063437,
            3.246166362099261e-05,
            6.986708685294136e-05
        ],
        [
            0.022980222847615257,
            0.974515114329315,
            0.00023992103934904842,
            0.00018246650858932606,
            0.00028316749271512843,
            0.0013465275251798813,
            0.0004525802572360666
        ],
        [
            0.003663379969806041,
            0.98435127893569,
            0.00017311381602024226,
            0.00025613529131675604,
            0.0005603589641818733,
            0.010709253559470293,
            0.00028647946351509286
        ],
        [
            0.0012987929843260636,
            0.9948784424753118,
            0.00014949850243103772,
            0.00027309765312122624,
            0.0004758611042734854,
            0.0027355960864854497,
            0.00018871119405095834
        ],
        [
            0.3850537356291859,
            0.5892942485001162,
            0.003634095867416661,
            0.0009543090708258892,
            0.0015182549069295249,
            0.012025252655112863,
            0.007520103370412803
        ],
        [
            0.0007450351325832066,
            0.001237432199282019,
            0.003397437250020137,
            0.9916742892259833,
            0.0003442857974217051,
            0.001218955801802621,
            0.0013825645929065177
        ],
        [
            0.0015184350623223535,
            0.9196325867026108,
            0.00033737425920912187,
            0.0016301691805330385,
            0.0008200383260782118,
            0.06666919895587595,
            0.00939219751337017
        ],
        [
            0.012378266507789417,
            0.8647685655524665,
            0.003332673796326953,
            0.0012301648644629454,
            0.0015466522305207884,
            0.11501695514937262,
            0.0017267218990604399
        ],
        [
            0.0013739136358779467,
            0.044054143185506614,
            0.0011590523677377596,
            0.0008782125172128307,
            0.0004740260013100655,
            0.8273922618711654,
            0.12466839042118925
        ],
        [
            0.9880141386388496,
            0.009290177112252796,
            0.0005673977346350018,
            0.0006164062034081589,
            0.0005622746356497467,
            0.00048601245549001774,
            0.0004635932197147937
        ],
        [
            0.0006761524359482845,
            0.0008290107760568383,
            0.008009697846636778,
            0.9792553792124598,
            0.005772380714825877,
            0.0014830213618915594,
            0.003974357652181044
        ],
        [
            0.0012755865953137956,
            0.9607785972085165,
            0.004939327855384586,
            0.0007601804895344149,
            0.0013813529471744413,
            0.024866184872815333,
            0.005998770031260812
        ],
        [
            0.0012346294138021417,
            0.0011847228740727597,
            0.9959214263159462,
            0.00019859080414669173,
            0.00025869221086882683,
            0.0008347460127323099,
            0.00036719236843122874
        ],
        [
            0.0004728586267250696,
            0.000867775035969909,
            0.002627225289730015,
            0.9934792039522007,
            0.0008342434402065235,
            0.0008594526444865853,
            0.0008592410106809922
        ],
        [
            0.0027359460297506936,
            0.6350018740332233,
            0.0012355876114942294,
            0.000657016658301026,
            0.0008100022987982461,
            0.32907116799271124,
            0.030488405375721554
        ],
        [
            0.14502582364465202,
            0.8249180188113069,
            0.002343634142459942,
            0.0019956507905010716,
            0.0010088834537025548,
            0.020554382539983873,
            0.004153606617393793
        ],
        [
            0.0010832277324829545,
            0.9914311208197607,
            0.00044350454017654374,
            0.0008833888113806475,
            0.0007831436787373542,
            0.00489908344118459,
            0.00047653097627704984
        ],
        [
            0.0010152285499583965,
            0.02393054982365848,
            0.0028429090380580686,
            0.0008130533906603553,
            0.0007933865871784919,
            0.9568073827041274,
            0.013797489906358979
        ],
        [
            0.9877673156856044,
            0.005012720587283637,
            0.001509430673674029,
            0.0014788284173551357,
            0.0010789627831265139,
            0.0013790700976506797,
            0.0017736717553054429
        ],
        [
            0.0008734197921257357,
            0.008235443584189399,
            0.01912612612374681,
            0.0013609923732189838,
            0.0012843039851442456,
            0.3457915480381506,
            0.6233281661034242
        ],
        [
            0.0003666159108379511,
            0.0002805319596538781,
            0.00047949529635437857,
            0.9969442506735656,
            0.0006752056421127342,
            0.0002044395346012229,
            0.0010494609828744612
        ],
        [
            0.0006165600588377812,
            0.0010039808266747714,
            0.015634034451001252,
            0.9781042787673052,
            0.001610821867531862,
            0.0012247893258350339,
            0.0018055347028141876
        ],
        [
            0.00188311492488134,
            0.06146826085087654,
            0.0012650162062282178,
            0.005779244504192426,
            0.0011560475806506277,
            0.896401674389797,
            0.03204664154337392
        ],
        [
            0.0009543794140694643,
            0.0010112267714114107,
            0.0064656324957627015,
            0.9845141594703744,
            0.0047978709314039575,
            0.0010549046523443423,
            0.001201826264634011
        ],
        [
            0.006381322645113971,
            0.9870849252785961,
            0.0002688953386196162,
            0.0006179772342484301,
            0.0004873019707111659,
            0.004766425629054661,
            0.00039315190365657085
        ],
        [
            0.000491282168171128,
            0.0004514633238286584,
            0.0004214778840436851,
            0.0010999823223976125,
            0.9966441102812195,
            0.0004343068706693072,
            0.00045737714967034526
        ],
        [
            0.00046580130905481793,
            0.0015328277153495635,
            0.0008347776745244576,
            0.001594179661960902,
            0.0013427853762901791,
            0.03570426389181943,
            0.9585253643710006
        ],
        [
            0.9957869984080948,
            0.0008735048788729422,
            0.0007187674418267172,
            0.0008228437338389585,
            0.0007102902445745481,
            0.000492798791033889,
            0.0005947965017582421
        ],
        [
            0.0007417759916263632,
            0.000891479734897466,
            0.12598412777942936,
            0.8644038424522756,
            0.004158911127389456,
            0.0015177570518343502,
            0.0023021058625473535
        ],
        [
            0.000677307691408517,
            0.0016582007269852561,
            0.9878466962125753,
            0.004196713174056064,
            0.0025319848590286908,
            0.0011880811133100101,
            0.001901016222635846
        ],
        [
            0.0011281472157939334,
            0.9446650203172225,
            0.0013162389895333769,
            0.0014187739045830692,
            0.0017885885407308043,
            0.04922433870803658,
            0.00045889232409965285
        ],
        [
            0.00012578454602447153,
            6.542508229158368e-05,
            3.0109958212629227e-05,
            0.0016404857455965232,
            0.9980527607581774,
            4.7565849547156774e-05,
            3.786806015032098e-05
        ],
        [
            0.988002087731717,
            0.006663288904072443,
            0.0009980285209290958,
            0.0008611340915650761,
            0.000826965277887911,
            0.0015119804727098966,
            0.0011365150011184836
        ],
        [
            0.0008662313039536914,
            0.9970705410202484,
            0.0001107786585715175,
            0.00031441154219795576,
            0.00041408706730691134,
            0.0011888959114309012,
            3.505449629067862e-05
        ],
        [
            0.0006881926713727108,
            0.0017706087687952865,
            0.015301053834381654,
            0.001547515107520067,
            0.0010864159813820714,
            0.10694378363259571,
            0.872662430003952
        ],
        [
            0.0003558985307438353,
            0.00025950624719757307,
            0.08708778144557631,
            0.0019379147026376304,
            0.0010143380874266,
            0.009154696376924043,
            0.9001898646094936
        ],
        [
            0.9966979273675348,
            0.0019347328705179216,
            0.00023836247092157947,
            0.00027940963288227474,
            0.00042182557719989765,
            0.00014968569948893697,
            0.0002780563814544902
        ],
        [
            0.9357018897796924,
            0.04950872101099002,
            0.0028220240621937872,
            0.0008920631954718203,
            0.0016633595449969882,
            0.004953601632961655,
            0.004458340773693267
        ],
        [
            0.0036256677246277232,
            0.056541486189523045,
            0.004815802023452405,
            0.002071786669867686,
            0.0014270849788787221,
            0.7103267988916613,
            0.22119137352198917
        ],
        [
            0.0009382701624846814,
            0.0013308187669070508,
            0.10190619890363538,
            0.8809218607835687,
            0.01035174327277473,
            0.0016515648614084727,
            0.002899543249221162
        ],
        [
            0.0008325436240590707,
            0.0011202232761866324,
            0.0007667894521637767,
            0.9941205604187683,
            0.0003383745253773567,
            0.0008019358729480398,
            0.0020195728304970933
        ],
        [
            0.013560748380896267,
            0.5347286535155117,
            0.034283108121365924,
            0.0025348266360209907,
            0.003952857290845834,
            0.3876093540804238,
            0.023330451974935062
        ],
        [
            0.0005990890912689257,
            0.0005876902386563288,
            0.000801106362567656,
            0.0020411859616213178,
            0.9947496265773977,
            0.0006002628591849552,
            0.0006210389093031415
        ],
        [
            0.0011736272821918684,
            0.0020653324376384233,
            0.00990962349038586,
            0.9809541196699648,
            0.0008625125796344808,
            0.0023954227403799734,
            0.002639361799804508
        ],
        [
            0.006106010175827513,
            0.784371000254641,
            0.00598699097258772,
            0.0016273598604932137,
            0.001249121559065969,
            0.19081972271396672,
            0.00983979446341804
        ],
        [
            0.00019903688862073264,
            0.00014296565969934373,
            0.99804499976099,
            0.0004759255671539719,
            0.0001055130313321767,
            0.00010551097608637684,
            0.0009260481161176463
        ],
        [
            0.0012766005962512972,
            0.001905380326241223,
            0.013688973844986874,
            0.9793687456479707,
            0.0006145611065515031,
            0.001874544929329326,
            0.0012711935486689869
        ],
        [
            0.0007429547890903412,
            0.0007263840389489302,
            0.0021772165495976816,
            0.9913654297930689,
            0.0014222489535416672,
            0.0012408224375961088,
            0.0023249434381563162
        ],
        [
            0.0005505456187870112,
            0.00019879087247325303,
            0.9965150691315202,
            0.0009235431204427255,
            0.0012538619332479503,
            0.00033821107022696003,
            0.00021997825330195435
        ],
        [
            0.0005101875978476089,
            0.000542495207061923,
            0.9945249074890012,
            0.0002246884051557232,
            0.00010045491311312944,
            0.0007128717326484756,
            0.00338439465517174
        ],
        [
            0.0056072404399398175,
            0.8206134969761838,
            0.0026103773612891107,
            0.0017172880583314688,
            0.0010169972750775956,
            0.14596620102298044,
            0.022468398866197222
        ],
        [
            0.0013710221742313244,
            0.00524670851942725,
            0.004064343793191218,
            0.0008979854701763404,
            0.00559306569329368,
            0.27395629261204457,
            0.708870581737636
        ],
        [
            0.004263369440419241,
            0.9852664217341093,
            0.00041959777993865545,
            0.0007514419151330226,
            0.0014611288040965397,
            0.0027115800935904586,
            0.005126460232712764
        ],
        [
            0.005856912230191233,
            0.020600876483142183,
            0.057639217163511856,
            0.006141600184896721,
            0.002597250107156411,
            0.49879532428913786,
            0.4083688195419639
        ],
        [
            0.0014282019047018488,
            0.160143964813729,
            0.005141508263025198,
            0.0025439985885832186,
            0.0009063052966030975,
            0.7778237057252215,
            0.05201231540813628
        ],
        [
            0.0007957267667476409,
            0.001147251721656288,
            0.0004099306002196534,
            0.9942973396809365,
            0.0003096372687864901,
            0.0011828615706613948,
            0.00185725239099215
        ],
        [
            0.939455988614739,
            0.056566962494140824,
            0.0006629206195753949,
            0.00035133241194943625,
            0.00048586468766368226,
            0.0012658782390424334,
            0.0012110529328889857
        ],
        [
            0.010963923655552698,
            0.27438881433470574,
            0.06438180193860647,
            0.006444345888930042,
            0.005782678577767283,
            0.4667500250482888,
            0.1712884105561487
        ],
        [
            0.0011455870211681193,
            0.0011371053113955537,
            0.990798869788425,
            0.0019358730681267393,
            0.0007625068541010374,
            0.0014421658131267734,
            0.0027778921436564527
        ],
        [
            0.9763033228168345,
            0.015686443176325168,
            0.0015781578951308277,
            0.0013904604761751948,
            0.0010356072471123274,
            0.0017833987240115582,
            0.002222609664410553
        ],
        [
            0.003057347400984907,
            0.28167708853596657,
            0.005328832596476723,
            0.0015285534616865598,
            0.0015032640836845957,
            0.643627475264408,
            0.06327743865679268
        ],
        [
            0.0006449496170549276,
            0.001190869496390316,
            0.994396752693593,
            0.00044772769838120153,
            0.001553844713070104,
            0.0011060712529026918,
            0.0006597845286077248
        ],
        [
            0.00392337232392922,
            0.3166493132172755,
            0.007123541667781256,
            0.0017218658147846039,
            0.0010542974045935276,
            0.6545495796711165,
            0.014978029900519782
        ],
        [
            0.0006293293472989681,
            0.0007942673392483226,
            0.005646042211048985,
            0.9872548484857069,
            0.002313105908070702,
            0.00137559385185828,
            0.001986812856767839
        ],
        [
            0.00016811210098954154,
            0.00029480376253404253,
            0.9915051122369685,
            0.00445443240388393,
            0.0020278308089065273,
            0.0005815061524580444,
            0.0009682025342592421
        ],
        [
            0.0007871073725054412,
            0.0006068891732366,
            0.9967985253498517,
            0.00020651571769949358,
            0.0002198504414995338,
            0.0008201134571385625,
            0.0005609984880687015
        ],
        [
            0.0005635193479688731,
            0.0005499428908865282,
            0.0006597508131267508,
            0.0016752763358815995,
            0.9953799506891206,
            0.0005521816880415418,
            0.0006193782349741623
        ],
        [
            3.355959383771602e-07,
            4.246575865529007e-07,
            0.9993418916143705,
            0.0002113110038626708,
            0.00017130748511225746,
            7.428882987836335e-05,
            0.00020044081325153233
        ],
        [
            0.0014318909062836318,
            0.02568144213922742,
            0.010679075295652372,
            0.0009216880531995612,
            0.002856723173082809,
            0.0342580215544454,
            0.9241711588781092
        ],
        [
            0.0008426038375235475,
            0.0005887555821490144,
            0.994109879327667,
            0.0003420818967260242,
            0.0006555003997056056,
            0.0027862236715896164,
            0.0006749552846392214
        ],
        [
            0.025683952682239105,
            0.9666038690145504,
            0.0002457771487310516,
            0.00019501723984852973,
            0.0004408615673299939,
            0.0064108558183415204,
            0.0004196665289594073
        ],
        [
            0.0003418215195219753,
            0.0003253730886178116,
            0.0010438139130943276,
            0.0035718302264257373,
            0.9937874808596073,
            0.0003855294285076299,
            0.0005441509642252503
        ],
        [
            0.0004397195092239738,
            0.00046915556452268426,
            0.0007549186749382286,
            0.0015782412116870142,
            0.9957651673240596,
            0.0004610756686091532,
            0.0005317220469591785
        ],
        [
            0.0005588091043773594,
            0.0008694998530174554,
            0.004850850676235703,
            0.9873247910275551,
            0.0045477293974007,
            0.0008375886619099715,
            0.0010107312795038406
        ],
        [
            0.00015252296325075513,
            0.00010475482831256289,
            0.9980277701111001,
            0.0005203590699468987,
            0.00010525740177815493,
            0.00010348625966085661,
            0.0009858493659507855
        ],
        [
            0.010558860419079729,
            0.9345305885570426,
            0.0009030542250454594,
            0.0010761731230851492,
            0.0012859502787497276,
            0.050394372751933036,
            0.001251000645064384
        ],
        [
            0.000702899088219232,
            0.0007080841118547385,
            0.7578612142478972,
            0.011373597122209514,
            0.00041970151204752637,
            0.0013561386314255932,
            0.22757836528634645
        ],
        [
            0.008155839633642907,
            0.9489129488510997,
            0.0005678970098853249,
            0.00030961734353841114,
            0.000681479774468504,
            0.040365557362150854,
            0.0010066600252148403
        ],
        [
            0.9720318800960009,
            0.0242146040897404,
            0.0006141758184338895,
            0.00027664695843900564,
            0.00046969674490828097,
            0.0013187293478048785,
            0.0010742669446725365
        ],
        [
            0.00021284507787766458,
            0.0002106311709355558,
            0.980527682804273,
            0.0012644099909520467,
            0.0007105606320569244,
            0.0005088936006825267,
            0.016564976723221964
        ],
        [
            0.0006264649245393423,
            0.000707318537769383,
            0.9904784530815752,
            0.0008174769754207228,
            0.00557826628163802,
            0.0008346157187933776,
            0.0009574044802640772
        ],
        [
            0.00040901804469012577,
            0.0006452153078621299,
            0.0031135745653415544,
            0.9929283645781936,
            0.0013401327155559359,
            0.0006822568128573691,
            0.0008814379754992367
        ],
        [
            0.0005278077111664691,
            0.0005459162502609788,
            0.00024209291687994606,
            0.00019512295089916387,
            0.00025605967564747557,
            0.016230103931052044,
            0.9820028965640939
        ],
        [
            0.00452145147893357,
            0.4364163353038877,
            0.007853902422285999,
            0.0032672514557888677,
            0.0011963925386756717,
            0.5262928874825068,
            0.020451779317921186
        ],
        [
            0.0005271162338716297,
            0.000603321819434666,
            0.0010401069362235636,
            0.0030688185041368226,
            0.9935168059509619,
            0.0005847556279169671,
            0.0006590749274548467
        ],
        [
            0.0005662205201113572,
            0.0006921088448675614,
            0.005223385900889025,
            0.9716546631489273,
            0.020597059054538788,
            0.0005056929213789212,
            0.0007608696092867924
        ],
        [
            0.0012431589242063161,
            0.0010917861935219146,
            0.9955449398261612,
            0.00019722874791311442,
            0.00014810286173133494,
            0.0008051056879024367,
            0.0009696777585634429
        ],
        [
            0.0007761559737948155,
            0.0031067727691836073,
            0.02683901548603891,
            0.000609672429373873,
            0.002074679979853794,
            0.47677917892419275,
            0.48981452443756207
        ],
        [
            0.002090524507597742,
            0.9091904699149819,
            0.002173348946591616,
            0.01156050030380814,
            0.0017164019423982111,
            0.03825862574072136,
            0.03501012864390138
        ],
        [
            0.0007070117149713986,
            0.000914511079612595,
            0.00029083904383381243,
            0.9961104440215793,
            0.0003102075724160353,
            0.0008150439783215934,
            0.0008519425892649617
        ],
        [
            0.0004952742035546911,
            0.0006211268473361668,
            0.9968920925908142,
            0.0003039300592472747,
            0.000252783041602782,
            0.0004613838738884924,
            0.0009734093835561727
        ],
        [
            2.963179516782732e-06,
            3.5845824706331344e-06,
            0.9987312822272736,
            0.0002104446994582531,
            0.0008506490386933426,
            7.984932665984806e-05,
            0.00012122694592754736
        ],
        [
            0.00013001585573793088,
            8.267343920693296e-05,
            7.551262188498263e-05,
            0.0016085270809981821,
            0.997963883311088,
            7.242079100921058e-05,
            6.696690007478931e-05
        ],
        [
            0.00030610283866676125,
            0.00025783107632319644,
            0.0008716572143004431,
            0.9941514839694698,
            0.0032731972534122975,
            0.00042070828524461867,
            0.0007190193625828492
        ],
        [
            0.0008068993858292361,
            0.0009522294483443461,
            0.0018652962968857597,
            0.0028508096489716383,
            0.9913479025936272,
            0.0010056889412258152,
            0.0011711736851161912
        ],
        [
            0.0006981801727361599,
            0.0009622629093571101,
            0.023193205346543108,
            0.9677301963666155,
            0.005103957944062889,
            0.0007781056689117768,
            0.0015340915917735813
        ],
        [
            0.012414084064265965,
            0.9777490045155403,
            0.00028040046392795783,
            0.00013672927909842358,
            0.0003299422145095724,
            0.008364384149016992,
            0.000725455313640686
        ],
        [
