{
    "accuracy": 0.933806146572104,
    "classification_report": "              precision    recall  f1-score   support\n\n           0       0.93      1.00      0.97        56\n           1       0.93      0.81      0.86        62\n           2       0.96      0.95      0.95        78\n           3       0.93      0.98      0.96        58\n           4       1.00      1.00      1.00        63\n           5       0.80      0.93      0.86        56\n           6       1.00      0.86      0.92        50\n\n    accuracy                           0.93       423\n   macro avg       0.94      0.93      0.93       423\nweighted avg       0.94      0.93      0.93       423\n",
    "auc": null,
    "roc_curve": null,
    "predictions": [
        0,
        4,
        0,
        0,
        5,
        0,
        3,
        5,
        2,
        0,
        2,
        4,
        3,
        3,
        4,
        6,
        4,
        3,
        3,
        6,
        2,
        5,
        4,
        2,
        1,
        6,
        6,
        4,
        4,
        0,
        4,
        5,
        5,
        1,
        0,
        4,
        2,
        1,
        1,
        1,
        0,
        3,
        1,
        1,
        5,
        0,
        3,
        1,
        2,
        3,
        5,
        1,
        1,
        5,
        0,
        6,
        3,
        3,
        5,
        3,
        1,
        4,
        6,
        0,
        3,
        2,
        1,
        4,
        0,
        1,
        6,
        6,
        0,
        0,
        5,
        3,
        3,
        5,
        4,
        3,
        1,
        2,
        3,
        3,
        2,
        2,
        1,
        6,
        1,
        5,
        5,
        3,
        0,
        5,
        2,
        0,
        5,
        2,
        5,
        3,
        2,
        2,
        4,
        2,
        6,
        2,
        1,
        4,
        4,
        3,
        2,
        1,
        2,
        1,
        0,
        2,
        2,
        3,
        6,
        5,
        4,
        3,
        2,
        5,
        1,
        3,
        2,
        2,
        4,
        3,
        4,
        3,
        1,
        2,
        6,
        4,
        0,
        4,
        1,
        2,
        5,
        5,
        0,
        0,
        0,
        3,
        2,
        4,
        0,
        2,
        0,
        0,
        1,
        3,
        2,
        5,
        6,
        5,
        0,
        0,
        5,
        1,
        2,
        0,
        3,
        0,
        3,
        5,
        5,
        6,
        1,
        2,
        3,
        4,
        2,
        6,
        2,
        6,
        2,
        5,
        0,
        3,
        0,
        5,
        3,
        2,
        5,
        4,
        3,
        3,
        0,
        4,
        0,
        1,
        4,
        1,
        3,
        2,
        4,
        0,
        3,
        3,
        4,
        4,
        1,
        4,
        5,
        5,
        2,
        4,
        1,
        2,
        0,
        2,
        3,
        0,
        5,
        3,
        3,
        2,
        4,
        6,
        3,
        5,
        3,
        6,
        0,
        4,
        5,
        5,
        5,
        4,
        1,
        5,
        1,
        2,
        2,
        2,
        2,
        0,
        6,
        6,
        5,
        2,
        2,
        3,
        1,
        2,
        2,
        0,
        5,
        2,
        0,
        1,
        1,
        6,
        2,
        3,
        2,
        2,
        4,
        4,
        5,
        2,
        2,
        4,
        4,
        1,
        1,
        4,
        3,
        4,
        6,
        2,
        3,
        2,
        3,
        4,
        3,
        0,
        0,
        5,
        6,
        4,
        4,
        5,
        2,
        6,
        0,
        3,
        2,
        5,
        1,
        2,
        0,
        5,
        3,
        3,
        6,
        6,
        1,
        5,
        0,
        0,
        5,
        1,
        6,
        5,
        6,
        4,
        5,
        3,
        1,
        4,
        5,
        6,
        2,
        4,
        6,
        5,
        0,
        1,
        4,
        0,
        1,
        4,
        2,
        2,
        4,
        0,
        1,
        1,
        3,
        4,
        2,
        5,
        2,
        0,
        0,
        0,
        2,
        4,
        6,
        2,
        4,
        3,
        5,
        2,
        5,
        6,
        6,
        4,
        6,
        1,
        0,
        6,
        6,
        6,
        5,
        6,
        2,
        3,
        2,
        2,
        3,
        4,
        2,
        6,
        5,
        4,
        0,
        2,
        1,
        3,
        2,
        5,
        0,
        1,
        2,
        2,
        5,
        6,
        1,
        0,
        4,
        5,
        4,
        4,
        1,
        2,
        3,
        5,
        4,
        6,
        3,
        5,
        0,
        4,
        5,
        4,
        1,
        0,
        1,
        5,
        2,
        1,
        0,
        4,
        1,
        4,
        6,
        5,
        5,
        5,
        4,
        0,
        1,
        2,
        5,
        3,
        0,
        3,
        6
    ],
    "probabilities": [
        [
            0.9909129943760211,
            0.0031412762450261904,
            0.001451115252398655,
            0.0008628575260459189,
            0.0008867455953929056,
            0.0013726829654017168,
            0.0013723280397134633
        ],
        [
            0.0006033519092381706,
            0.0005873438503636649,
            0.0007053156789529201,
            0.0013422043615564472,
            0.9954363342705224,
            0.0006471826710373464,
            0.0006782672583288264
        ],
        [
            0.9788814777186392,
            0.012549523090562169,
            0.0017081913228711794,
            0.001518140152626353,
            0.0010937844293180668,
            0.0023227378134711494,
            0.0019261454725117142
        ],
        [
            0.9810098907253088,
            0.009990398416738785,
            0.0018257806569583932,
            0.0015642007875006987,
            0.001140488971423692,
            0.002600348658014549,
            0.001868891784054912
        ],
        [
            0.023134821150959654,
            0.2520151839107129,
            0.004834428099689258,
            0.002528700595338532,
            0.001442558448917629,
            0.4715292532942555,
            0.24451505450012642
        ],
        [
            0.9907806867122971,
            0.0066602655103456115,
            0.0005721878834520341,
            0.0004524705869921053,
            0.0006014866795084876,
            0.0004207218175184297,
            0.0005121808098865912
        ],
        [
            0.0004834056351711863,
            0.0004952982284469975,
            0.0022687778009466484,
            0.9950485227487236,
            0.0006436990702786023,
            0.00040758246742285853,
            0.0006527140490103112
        ],
        [
            0.0025981386041408296,
            0.16840915216779462,
            0.02455725594452344,
            0.002936492934046014,
            0.0042422458473165905,
            0.5986242358975525,
            0.1986324786046258
        ],
        [
            0.001026187137996766,
            0.0006767307548946967,
            0.996920627765093,
            0.00020813996633513193,
            0.00020760234567863265,
            0.0004151152636704905,
            0.0005455967663315199
        ],
        [
            0.9885570394622452,
            0.005767771095246441,
            0.0012557005453759033,
            0.0007734592214012367,
            0.0008039406694895736,
            0.001503486181640349,
            0.0013386028246011397
        ],
        [
            0.0009536521831577778,
            0.0003668161274216033,
            0.9909000953167367,
            0.0005822493039575042,
            0.0004354902611911463,
            0.0011744647322177082,
            0.005587232075317654
        ],
        [
            0.0008123792528048786,
            0.0010036130994694357,
            0.0034051249846395186,
            0.00670716833276919,
            0.9852159642049564,
            0.0012357975975960927,
            0.0016199525277644027
        ],
        [
            0.0008698804213458187,
            0.0013215705341779725,
            0.0024390212871052354,
            0.9910475278365355,
            0.0007511729953955679,
            0.0015167062580298358,
            0.0020541206674098205
        ],
        [
            0.0003044940598569966,
            0.00021124213864897,
            0.002537657159965311,
            0.995315534625646,
            0.0011167537503680423,
            0.00021729357443272388,
            0.0002970246910819645
        ],
        [
            0.0005000369756777705,
            0.0005462225418243793,
            0.0008197153464397033,
            0.0020103199985110763,
            0.9949675921369713,
            0.0005487311220244591,
            0.0006073818785513908
        ],
        [
            0.004449834502056598,
            0.046978088509560735,
            0.08397861923192214,
            0.0042059712451352135,
            0.003878296422053818,
            0.08793391776923454,
            0.768575272320037
        ],
        [
            0.00028386756861144416,
            0.0002557505566830765,
            0.0008427731093490915,
            0.0025285156693924267,
            0.9954486679198302,
            0.00030896225509064064,
            0.00033146292104308683
        ],
        [
            0.0006422125217751563,
            0.000833217960290715,
            0.000324484172036685,
            0.9963197653316472,
            0.00024206099909165532,
            0.0007370648909725955,
            0.000901194124185908
        ],
        [
            0.0016363582351478943,
            0.004940726955742033,
            0.2660330043885751,
            0.6919105725215338,
            0.009584866036135483,
            0.009899036693301395,
            0.015995435169564295
        ],
        [
            0.002450054136594804,
            0.00818337104785821,
            0.10191982813652808,
            0.00359099429359526,
            0.0012835933770569635,
            0.09136192878068665,
            0.79121023022768
        ],
        [
            0.0002535802637974554,
            0.0001929087745198261,
            0.9953816543707762,
            0.0005605911547866897,
            0.00040347674441520396,
            0.0003269920249714219,
            0.002880796666733478
        ],
        [
            0.0016546646058872674,
            0.044113853915645464,
            0.0041130997119362585,
            0.0019740785184060024,
            0.000892441363793934,
            0.8454419792584037,
            0.10180988262592786
        ],
        [
            0.0006585592572877143,
            0.0007751305200582152,
            0.0014135245700027967,
            0.0017455652291064037,
            0.9933498247815991,
            0.0008874614298395397,
            0.0011699342121063098
        ],
        [
            0.00017779993211062664,
            7.715114312990292e-05,
            0.999113863743017,
            9.596436619874936e-05,
            0.0003644182147680026,
            5.3143079646835144e-05,
            0.00011765952112878145
        ],
        [
            0.1543496818303433,
            0.8338845721188012,
            0.0010042068008721166,
            0.0005231034068183198,
            0.00047219668075213633,
            0.0056766779332038785,
            0.0040895612292092005
        ],
        [
            0.0003588035299191702,
            0.0004988277742903768,
            0.00533139850592328,
            0.0016139762895636671,
            0.0019071572581507888,
            0.0031358506058377492,
            0.987153986036315
        ],
        [
            0.0005796010332375807,
            0.0014152652052632135,
            0.00686114040035949,
            0.00035145068926662116,
            0.00022988902146801632,
            0.00798031399012806,
            0.9825823396602771
        ],
        [
            0.00047865952609955204,
            0.0005036848238894556,
            0.0009560288426577232,
            0.00258593953548906,
            0.9941658044348942,
            0.0005655364879938317,
            0.0007443463489762763
        ],
        [
            0.0006726955820902931,
            0.0007464642801787613,
            0.0011327608995872383,
            0.0016092003672225834,
            0.9939572307789791,
            0.0008400998632459674,
            0.0010415482286962058
        ],
        [
            0.9895061839290503,
            0.004758890240216444,
            0.001262300919919863,
            0.0006752299882000249,
            0.0007483020647319543,
            0.0015672701900294485,
            0.0014818226678520736
        ],
        [
            0.0008899568679997421,
            0.0009391854753209592,
            0.0015448497122766106,
            0.0029053756461296086,
            0.9914342434351827,
            0.0011023270881254888,
            0.0011840617749645378
        ],
        [
            0.0008450058313176461,
            0.014750326183645614,
            0.0025828410161474113,
            0.0010061225734738445,
            0.0018986403563761324,
            0.5297455971446531,
            0.44917146689438614
        ],
        [
            0.0007691733853741252,
            0.0033800792053099585,
            0.08380240877935247,
            0.0024985563190736775,
            0.002831244075707106,
            0.7145648639737875,
            0.19215367426139543
        ],
        [
            0.08152304869412355,
            0.9026790169614536,
            0.0013487585415912335,
            0.00042724905345119463,
            0.0011053486669634239,
            0.008458938192524629,
            0.0044576398898923345
        ],
        [
            0.9687480064521192,
            0.028245522116588137,
            0.0003364561053510587,
            0.00035264993533120395,
            0.0005118135316130917,
            0.001117192876060016,
            0.0006883589829371467
        ],
        [
            0.0004950000176811857,
            0.0005956700618356003,
            0.00243210434515306,
            0.004122225409700379,
            0.9903159493810272,
            0.0008129909916265051,
            0.0012260597929761132
        ],
        [
            3.8434020108091833e-07,
            4.741316070184332e-07,
            0.9995383950894194,
            0.00010334795474351482,
            0.0002577144621067989,
            3.0489608054268827e-05,
            6.919441386791439e-05
        ],
        [
            0.02047041923823496,
            0.9772724057882559,
            0.00021758446615246032,
            0.0001903643405404679,
            0.0002757739392118838,
            0.0011992355027095978,
            0.00037421672489476446
        ],
        [
            0.004121796059890396,
            0.9811525269476035,
            0.00018521586333561268,
            0.00031006567856633495,
            0.0005825823093319315,
            0.013310261092868822,
            0.00033755204840369676
        ],
        [
            0.001299152557350978,
            0.99431837825885,
            0.00016082012117144242,
            0.00029028681595505087,
            0.00046398178954429895,
            0.0032852157596432643,
            0.0001821646974849029
        ],
        [
            0.37143011095823286,
            0.6047278385498387,
            0.0034290066937022502,
            0.0009333506113827236,
            0.0014538356688732828,
            0.011431165759601849,
            0.00659469175836826
        ],
        [
            0.0007425435649813075,
            0.0012448735133966512,
            0.003360879273925036,
            0.9916862509858905,
            0.00038115625230953883,
            0.001274976430332139,
            0.0013093199791645693
        ],
        [
            0.0013330295611830567,
            0.937194865610977,
            0.0004056505056150269,
            0.0016055959880892441,
            0.0008212369160766419,
            0.049808136730298075,
            0.008831484687760986
        ],
        [
            0.007612594317010044,
            0.8467730600420081,
            0.004114807019901541,
            0.0011968122663835556,
            0.0015720864767692728,
            0.13721508868668914,
            0.0015155511912384933
        ],
        [
            0.0017227560571535566,
            0.04003256235776954,
            0.001243462714924303,
            0.0008524761255471742,
            0.0004831079187294402,
            0.8348467469144593,
            0.12081888791141636
        ],
        [
            0.9880087853909779,
            0.009496449768092921,
            0.0005508914325653061,
            0.0005833268738798081,
            0.0005520503481462617,
            0.0004153287648094171,
            0.0003931674215286455
        ],
        [
            0.0007037575045487327,
            0.0009905986161690195,
            0.007998717498137384,
            0.9804042329354828,
            0.0049064086907721835,
            0.0013511164564104367,
            0.003645168298479306
        ],
        [
            0.0011867144297480813,
            0.9594256971464454,
            0.004828986034452218,
            0.0008165716782390189,
            0.0013272381000095832,
            0.02688840754686023,
            0.005526385064245041
        ],
        [
            0.0012298883588386426,
            0.0010043590795025714,
            0.9961681071662044,
            0.00018648072349857975,
            0.0002436503035572427,
            0.0008229030167896692,
            0.00034461135160895775
        ],
        [
            0.0004987700759173895,
            0.000865762786915887,
            0.002420077956382783,
            0.9933594881738972,
            0.0009394230427337795,
            0.0009886140491362297,
            0.0009278639150168255
        ],
        [
            0.003124530056624805,
            0.5804197661937656,
            0.0013710191164705544,
            0.0006624990479937545,
            0.0007746036309514455,
            0.38499789501573106,
            0.028649686938462718
        ],
        [
            0.15653879345525112,
            0.817476922173861,
            0.002549318982497242,
            0.0017768693972949115,
            0.0009372137294239193,
            0.016067908160831073,
            0.004652974100840526
        ],
        [
            0.0011135396450664265,
            0.9896087476566356,
            0.0005085758714646614,
            0.0008369778336435194,
            0.0008485345771175095,
            0.0064158608977787105,
            0.0006677635182934058
        ],
        [
            0.0010839773040334838,
            0.026446442969034485,
            0.0032536783839806423,
            0.0010385921413266135,
            0.0007481112109215213,
            0.9530649684223511,
            0.014364229568352236
        ],
        [
            0.9876182363152078,
            0.0049195662098913,
            0.0016172370967507904,
            0.001509663935622745,
            0.0010543537834028114,
            0.0014835970771938272,
            0.0017973455819304067
        ],
        [
            0.0008286345959274743,
            0.007334074275883306,
            0.014616429307883311,
            0.0012650295337173062,
            0.0011416849737047497,
            0.2590183109466761,
            0.715795836366208
        ],
        [
            0.00037673586567522395,
            0.00030234000724107873,
            0.00044055541453278746,
            0.9966216418152881,
            0.0009286481262709512,
            0.00019981764703600738,
            0.0011302611239558508
        ],
        [
            0.0006432683679283982,
            0.0009823055727476518,
            0.015621413595349604,
            0.9781289820670458,
            0.0015717185376118684,
            0.0012276332376783465,
            0.0018246786216381317
        ],
        [
            0.0018821892230010875,
            0.05630667340605645,
            0.0012584430953089453,
            0.005866280819543137,
            0.0011596041516864072,
            0.903708190224115,
            0.029818619080289304
        ],
        [
            0.0009503982415579669,
            0.0010767392114119155,
            0.008093440086737336,
            0.9837023057549342,
            0.004042826104665637,
            0.001001991624709416,
            0.0011322989759834005
        ],
        [
            0.0057545395289281005,
            0.987993442741127,
            0.00026890821646361764,
            0.0006609069283762595,
            0.0004924651027473315,
            0.00448345995171029,
            0.0003462775306477752
        ],
        [
            0.0005091904551163166,
            0.00046553343364195044,
            0.00044803736629770694,
            0.0008517015254066473,
            0.9967530987183929,
            0.0004936796605848005,
            0.00047875884055966465
        ],
        [
            0.0006630626886872269,
            0.0016625338774428964,
            0.0009619355288059681,
            0.0018107866818674674,
            0.0013636766238751693,
            0.03727279626632996,
            0.9562652083329908
        ],
        [
            0.9958592026001104,
            0.0008148041734800616,
            0.000707973944546915,
            0.0007931925706512827,
            0.0007016694383177216,
            0.0005284536246930974,
            0.0005947036482007023
        ],
        [
            0.0007722806562889097,
            0.0009058769570070914,
            0.12109298257718609,
            0.8697115582744399,
            0.0039153945931271646,
            0.0014378334649661787,
            0.0021640734769846574
        ],
        [
            0.0006056598995844982,
            0.0017879319721888086,
            0.9888132869393715,
            0.003908175107509805,
            0.0021166648882345743,
            0.0009449537809184168,
            0.0018233274121924189
        ],
        [
            0.0012032459662459339,
            0.9423808037665875,
            0.0016520069199596702,
            0.0015008446335508573,
            0.0018749114719484629,
            0.050869284315464024,
            0.0005189029262433861
        ],
        [
            0.00012120411346343064,
            6.056013474626786e-05,
            3.0374478420584678e-05,
            0.0017227641000528587,
            0.9979799516266409,
            4.75849648918509e-05,
            3.756058178433625e-05
        ],
        [
            0.9888782962129132,
            0.005961847036725634,
            0.0009018416559908484,
            0.0008410286502737048,
            0.0007926217742276622,
            0.0015141122231338944,
            0.00111025244673495
        ],
        [
            0.0008263920642551968,
            0.9963217844072079,
            0.0001382565831053062,
            0.00041266179817994975,
            0.0004463859191415473,
            0.0018107362113971546,
            4.3783016712773585e-05
        ],
        [
            0.0008036641959786234,
            0.0018912064067979958,
            0.018346455889089595,
            0.0014177259383887787,
            0.0012544708657304714,
            0.11268909353451388,
            0.8635973831695011
        ],
        [
            0.0004105771142279979,
            0.0003091361157162638,
            0.1161871383339791,
            0.0019119096894573487,
            0.001068120976797419,
            0.010180737863844573,
            0.869932379905977
        ],
        [
            0.9971954187031636,
            0.0016306811054498914,
            0.0002071507270368361,
            0.00024530403156664156,
            0.0003802303902104601,
            0.0001113348832184091,
            0.0002298801593540797
        ],
        [
            0.9273630075131459,
            0.05894048827759217,
            0.002862447624368832,
            0.0009237964145666058,
            0.0016158584046804206,
            0.004359126623333298,
            0.003935275142312922
        ],
        [
            0.003181634564155182,
            0.05171326813138945,
            0.004074997259087601,
            0.0014753613733236614,
            0.0012778640995448538,
            0.6306414199914419,
            0.30763545458105707
        ],
        [
            0.00098852974736592,
            0.0014939271634778432,
            0.09461466883796245,
            0.8881892059673278,
            0.010112301162991763,
            0.0017119562790251022,
            0.0028894108418490803
        ],
        [
            0.0008005131524596994,
            0.0010911461453927257,
            0.000824306948422118,
            0.9944526642623412,
            0.00032154567095477656,
            0.0006974782627562148,
            0.001812345557673179
        ],
        [
            0.016277985161693653,
            0.5422163536749568,
            0.044785371648247654,
            0.003729591285008051,
            0.004613748940349788,
            0.35902047966831035,
            0.029356469621433578
        ],
        [
            0.0006106284157216866,
            0.0005916577592781438,
            0.0007582192800027799,
            0.0014173991076226742,
            0.9953162580118344,
            0.0006569423797236632,
            0.0006488950458163132
        ],
        [
            0.0011411801831316109,
            0.001933324561112365,
            0.009912005121608353,
            0.981639138602691,
            0.0008264378330269972,
            0.002241995346126376,
            0.00230591835230305
        ],
        [
            0.005354546905680474,
            0.8099979720769017,
            0.004364049393793715,
            0.001590693515125963,
            0.0012370395799476731,
            0.16795856035147835,
            0.009497138177071816
        ],
        [
            0.000202166737965891,
            0.00011859473645320029,
            0.9980686087908478,
            0.0003116296837984046,
            0.00011784587356359739,
            8.573153628277814e-05,
            0.0010954226410883553
        ],
        [
            0.0013451219213818644,
            0.0019855186085033913,
            0.02158468317106322,
            0.9713523304103062,
            0.000712397242617132,
            0.0018577000237225306,
            0.0011622486224055237
        ],
        [
            0.0007710993687139097,
            0.0008916812599242619,
            0.0028117957031512614,
            0.9907971913332301,
            0.0013357773545746323,
            0.0011410834250320653,
            0.002251371555373877
        ],
        [
            0.0005500468543179616,
            0.00018645941893360196,
            0.9967414585101786,
            0.000725222489465221,
            0.0013058702312631495,
            0.0003122128351006151,
            0.00017872966074111292
        ],
        [
            0.0005586997024946895,
            0.0005405749470551326,
            0.9941836713977183,
            0.00022302057308951827,
            0.0001096282842862259,
            0.0007367654099624509,
            0.003647639685393623
        ],
        [
            0.008126986299988592,
            0.7500708640495823,
            0.003374898984257332,
            0.0018221078561028252,
            0.0010503401697854978,
            0.20960104518981798,
            0.025953757450465877
        ],
        [
            0.0013751050219918373,
            0.005641778190486057,
            0.0041613515431702264,
            0.0010443563713533517,
            0.005965007442761059,
            0.3216080807120035,
            0.6602043207182341
        ],
        [
            0.003843565754404985,
            0.9873604606768508,
            0.00034221850609756607,
            0.0006663260426407831,
            0.0013411634003367204,
            0.002864132833730184,
            0.003582132785939228
        ],
        [
            0.006200226272541525,
            0.023179022475560508,
            0.06440620183120262,
            0.0082225913464914,
            0.0030214997052134306,
            0.47885478863101477,
            0.4161156697379763
        ],
        [
            0.0013670727014644586,
            0.15573650189282034,
            0.00485187161268562,
            0.0023981228416511085,
            0.0008221815344428784,
            0.7888868624750515,
            0.045937386941883915
        ],
        [
            0.000784862485476574,
            0.0011331511506675292,
            0.00048200624907610045,
            0.9943402373007176,
            0.0003253516306906112,
            0.0011390912436290196,
            0.0017952999397426357
        ],
        [
            0.9480020233945344,
            0.04739637446730062,
            0.0007512091255958427,
            0.0004266192710906775,
            0.0005433311174091175,
            0.0015217757270427038,
            0.0013586668970271777
        ],
        [
            0.012854736645547383,
            0.2760807924512235,
            0.07537687081920025,
            0.008501899214372579,
            0.007842675777412477,
            0.39360547797533685,
            0.22573754711690686
        ],
        [
            0.0010419540385964983,
            0.0010657475176781162,
            0.9912927898968719,
            0.0016816812970933232,
            0.000687910290780885,
            0.00122077314004305,
            0.0030091438189366855
        ],
        [
            0.9779733163360125,
            0.013997697347650327,
            0.00161391554398545,
            0.0013855940292083315,
            0.0009878429502450524,
            0.0018216847013401544,
            0.00221994909155803
        ],
        [
            0.0029730446099516974,
            0.2828473057800811,
            0.005101019844547195,
            0.0013800750785126657,
            0.0015131531856347475,
            0.6205772538100207,
            0.0856081476912518
        ],
        [
            0.0007207705803118384,
            0.0014730056781659393,
            0.9935997153491222,
            0.0004287545322877922,
            0.0016654061448817738,
            0.0014277064635699688,
            0.000684641251661067
        ],
        [
            0.003698803999619201,
            0.3138774884554743,
            0.0070015191319206995,
            0.0017344885397131574,
            0.001007419716442699,
            0.6602692475649614,
            0.012411032591868777
        ],
        [
            0.0006536888098534042,
            0.0008070562398454972,
            0.005588401435928467,
            0.9872761645534858,
            0.002482261628567268,
            0.001327049254674163,
            0.0018653780776453864
        ],
        [
            0.00019316839242207437,
            0.0003144923808718108,
            0.992530095207846,
            0.0029461144935692372,
            0.0024620480872692236,
            0.0005929654979874167,
            0.0009611159400342762
        ],
        [
            0.0008520811808209029,
            0.000700995035583772,
            0.9965014985580338,
            0.00019809362178981106,
            0.00030845178201246764,
            0.0008173291097720709,
            0.0006215507119873359
        ],
        [
            0.0005849508790471421,
            0.000568502844820613,
            0.0006759439138296834,
            0.001280919924231189,
            0.9956117508088358,
            0.0006231534177553283,
            0.0006547782114800665
        ],
        [
            3.3532410378892757e-07,
            4.253104814892207e-07,
            0.9993802685553954,
            0.00017934708642601048,
            0.00016667268961607543,
            7.129405437852422e-05,
            0.000201656979599019
        ],
        [
            0.001519874465774954,
            0.03239139023343552,
            0.0118405520421613,
            0.0009657078530393498,
            0.002928354146952558,
            0.03898571550085894,
            0.9113684057577773
        ],
        [
            0.0008301901689213809,
            0.0005410861128794317,
            0.9942155408047101,
            0.0003044389560232889,
            0.0006848871016962899,
            0.0028085786137465566,
            0.0006152782420232195
        ],
        [
            0.023104145686180085,
            0.9683167320253881,
            0.00024603926167133275,
            0.00020332812944181714,
            0.0004296479319707762,
            0.007330161795275671,
            0.0003699451700726724
        ],
        [
            0.0003388252404830508,
            0.000313926485776552,
            0.0010861859461724947,
            0.0038115980751624898,
            0.9935278448062556,
            0.00038131893439022867,
            0.0005403005117595686
        ],
        [
            0.0004441419292732675,
            0.0004618499784085077,
            0.0007207124244843328,
            0.0012800212415069942,
            0.9960927975204955,
            0.0004734860373343191,
            0.0005269908684972305
        ],
        [
            0.0005880785759237573,
            0.0007953527320351736,
            0.004409281386485321,
            0.9880107361109737,
            0.00443778115706711,
            0.0007547085234730003,
            0.0010040615140419966
        ],
        [
            0.00015883900398548596,
            8.949946436301227e-05,
            0.9979931048444199,
            0.0003859923085901447,
            0.00011670313895254715,
            8.716095737189855e-05,
            0.001168700282316764
        ],
        [
            0.011530970788662583,
            0.930576941653252,
            0.0011332355808504942,
            0.0013512432381867405,
            0.0013341814389770579,
            0.0527546444648582,
            0.001318782835212784
        ],
        [
            0.0007165279987976466,
            0.0007149576630841706,
            0.7132748752794188,
            0.011732140099844938,
            0.00047839543304066686,
            0.001369989913754849,
            0.27171311361205863
        ],
        [
            0.010698472508559539,
            0.9339813456477559,
            0.000720561370260412,
            0.0003710332523984056,
            0.0007274823147707878,
            0.05228183652442435,
            0.0012192683818310704
        ],
        [
            0.9735418815918337,
            0.022741858687258473,
            0.0005869544626286341,
            0.0002771077242329551,
            0.0004731900575891394,
            0.0013059979875697488,
            0.001073009488887302
        ],
        [
            0.000169411966954302,
            0.00015395923311509708,
            0.9833659808710684,
            0.0011858392643904212,
            0.0005964002214464462,
            0.0003808221901789416,
            0.014147586252846199
        ],
        [
            0.0006587721953178269,
            0.0007310596319567963,
            0.99076457643393,
            0.0007482053509580518,
            0.005356736535925061,
            0.000807608602482167,
            0.0009330412494303308
        ],
        [
            0.0004179786992105158,
            0.0005909780282382499,
            0.002714639069879907,
            0.9934910532803272,
            0.00127016174916426,
            0.0006572516918382736,
            0.00085793748134151
        ],
        [
            0.0005960254497816344,
            0.000559430689239495,
            0.00028784270020566804,
            0.000221484857427554,
            0.0002705925260995285,
            0.01918126043509647,
            0.9788833633421498
        ],
        [
            0.0038418677076049626,
            0.43149535842631215,
            0.006539042301442711,
            0.003081674004634845,
            0.0010351756517136877,
            0.5420154212048833,
            0.011991460703408237
        ],
        [
            0.000522042806249466,
            0.0005812981744183881,
            0.0008971304820889744,
            0.0022023525817857744,
            0.9945700184361844,
            0.0005827064435111636,
            0.0006444510757620194
        ],
        [
            0.0005883926681806235,
            0.0007079948066186947,
            0.004708747592542667,
            0.9738873114590099,
            0.018865271828349014,
            0.0005141976260088569,
            0.0007280840192902367
        ],
        [
            0.0012590897313001083,
            0.0009693941055623379,
            0.9956180500918171,
            0.0001924019497141471,
            0.00015905079970584968,
            0.0007780143859677237,
            0.0010239989359326401
        ],
        [
            0.0007837942225328003,
            0.002864426338992942,
            0.026956680558035562,
            0.0008381197566802743,
            0.002296420575872963,
            0.5483457588977113,
            0.4179147996501739
        ],
        [
            0.0021078125730113065,
            0.9003869947624504,
            0.002230324409001779,
            0.011724371611124738,
            0.0017890391310837887,
            0.03976011894092593,
            0.042001338572401944
        ],
        [
            0.000692252375111307,
            0.0009042975388205087,
            0.0003267978445859158,
            0.996162657265287,
            0.0003459557695022413,
            0.0007804638668983079,
            0.000787575339794887
        ],
        [
            0.0005549810980171694,
            0.000801232157216474,
            0.9962947576212677,
            0.00036186266514792265,
            0.0003034621657690084,
            0.0005375771506896903,
            0.001146127141891877
        ],
        [
            4.252863628457843e-06,
            5.241579120597735e-06,
            0.9986215724634683,
            0.00011573980378092639,
            0.0010269848963419947,
            9.009652729286515e-05,
            0.00013611186636691523
        ],
        [
            0.00012224827400179685,
            7.38092583354605e-05,
            7.343827304783219e-05,
            0.0017611772896196037,
            0.997837082645083,
            6.862458647778838e-05,
            6.361967343451187e-05
        ],
        [
            0.00030787532840753136,
            0.00026597289088444446,
            0.000792955991460192,
            0.9942884385296853,
            0.003267589784311982,
            0.00038717769573241097,
            0.0006899897795180147
        ],
        [
            0.0008220654304905449,
            0.0009496129405658455,
            0.0019684744972690996,
            0.002392439875697357,
            0.991685708479368,
            0.0010277403225699686,
            0.0011539584540392596
        ],
        [
            0.0006983731475196304,
            0.000885980363182336,
            0.022346518190350762,
            0.9694835777614009,
            0.00447154235518438,
            0.000690755789319745,
            0.001423252393042056
        ],
        [
            0.013464495531492305,
            0.9762313347112628,
            0.0002750187217476722,
            0.00014412147647720663,
            0.0003417650243693958,
            0.008756265935193108,
            0.0007869985994575423
        ],
        [
